0 untitled model
0 Name: 
0 Author: Anthony Evans
1 28 80.773849 -23.452271 7.110901 0 1 0 -1 0 0 0 -0 1 3961.dat
1 28 -29.226135 19.240463 -25.402252 -0 -0 -1 -0.5 -0.866025 0 -0.866025 0.5 0 4276b.dat
1 28 -29.226135 -30.022202 -53.642151 0 0 1 0.999999 -0 -0 0 0.999999 -0 4275b.dat
1 28 -29.226135 26.081291 27.152328 -0 -0 -1 0.5 -0.866025 -0 -0.866025 -0.5 0 4276b.dat
1 28 -29.226135 25.906441 -29.630341 0 0 1 0.5 -0.866025 0 0.866025 0.5 -0 4275b.dat
1 28 -29.226135 -16.280994 59.553589 -0 -0 -1 0.999999 0 -0 0 -0.999999 0 4276b.dat
1 28 -29.226135 32.806801 31.010826 0 0 1 -0.5 -0.866025 0 0.866025 -0.5 -0 4275b.dat
1 28 -29.226135 -65.215012 39.200653 -0 -0 -1 0.5 0.866025 -0 0.866025 -0.5 -0 4276b.dat
1 28 -29.226135 -15.952354 67.440552 0 0 1 -0.999999 0 0 -0 -0.999999 0 4275b.dat
1 28 -29.226135 -72.437408 -13.663368 -0 -0 -1 -0.5 0.866025 0 0.866025 0.5 -0 4276b.dat
1 28 -29.226135 -72.262535 43.119293 0 0 1 -0.5 0.866025 -0 -0.866025 -0.5 0 4275b.dat
1 28 -29.226135 -30.344238 -45.865005 -0 -0 -1 -0.999999 -0 0 -0 0.999999 -0 4276b.dat
1 28 -29.226135 -79.432037 -17.322243 0 0 1 0.5 0.866025 -0 -0.866025 0.5 0 4275b.dat
1 28 -9.226135 19.240463 -25.402252 -0 -0 -1 -0.5 -0.866025 0 -0.866025 0.5 0 4276b.dat
1 28 -9.226135 -30.022202 -53.642151 0 0 1 0.999999 -0 -0 0 0.999999 -0 4275b.dat
1 28 -9.226135 26.081291 27.152328 -0 -0 -1 0.5 -0.866025 -0 -0.866025 -0.5 0 4276b.dat
1 28 -9.226135 25.906441 -29.630341 0 0 1 0.5 -0.866025 0 0.866025 0.5 -0 4275b.dat
1 28 -9.226135 -16.280994 59.553589 -0 -0 -1 0.999999 0 -0 0 -0.999999 0 4276b.dat
1 28 -9.226135 32.806801 31.010826 0 0 1 -0.5 -0.866025 0 0.866025 -0.5 -0 4275b.dat
1 28 -9.226135 -65.215012 39.200653 -0 -0 -1 0.5 0.866025 -0 0.866025 -0.5 -0 4276b.dat
1 28 -9.226135 -15.952354 67.440552 0 0 1 -0.999999 0 0 -0 -0.999999 0 4275b.dat
1 28 -9.226135 -72.437408 -13.663368 -0 -0 -1 -0.5 0.866025 0 0.866025 0.5 -0 4276b.dat
1 28 -9.226135 -72.262535 43.119293 0 0 1 -0.5 0.866025 -0 -0.866025 -0.5 0 4275b.dat
1 28 -9.226135 -30.344238 -45.865005 -0 -0 -1 -0.999999 -0 0 -0 0.999999 -0 4276b.dat
1 28 -9.226135 -79.432037 -17.322243 0 0 1 0.5 0.866025 -0 -0.866025 0.5 0 4275b.dat
1 28 32.773849 -23.452271 7.110901 -0 1 0 -1 -0 0 0 0 1 30106.dat
1 28 -19.226135 -30.022202 -61.642151 -0 0 1 0.999999 0 0 0 0.999999 -0 3068bp07.dat
1 28 -79.226135 -30.022202 -61.642151 -0 0 1 0.999999 0 0 0 0.999999 -0 3068bp17.dat
1 28 -129.226135 -30.022202 -61.642151 -0 0 1 0.999999 0 0 0 0.999999 -0 3068bp61.dat
1 28 -179.226135 -30.022202 -61.642151 -0 0 1 0.999999 0 0 0 0.999999 -0 3068bp07.dat
1 28 -259.226135 -30.022202 -61.642151 -0.999999 0 -0 -0 0 1 0 0.999999 -0 3020.dat
1 28 72.773849 -23.452271 -2.889099 -0 1 0 -1 -0 0 0 0 1 99780.dat
1 28 72.773849 -23.452271 17.110901 -0 0.999999 0 0.999999 0 0 0 0 -1 99780.dat
1 28 40.773849 -23.452271 7.110901 -0 1 0 -1 -0 0 0 0 1 3941.dat
1 28 64.773849 -13.452275 7.110894 -0 1 0 0 0 -1 -1 -0 -0 99780.dat
1 28 64.773849 -33.452274 7.110893 -0 0.999999 0 0 -0 1 0.999999 0 0 99780.dat