0 untitled model
0 Name: 
0 Author: Anthony Evans
1 28 -75.275475 193.879349 10.511302 -0 1 0 0 0 1 1 0 0 3941.dat
1 28 -83.275482 193.879349 10.511305 -0 1 0 0 0 1 1 0 0 4032a.dat
1 28 -91.275467 183.879349 10.511304 -0 1 0 0 0 1 1 0 0 44728.dat
1 28 -91.275467 203.879349 10.511302 -0 1 0 0 -0 -0.999999 -0.999999 -0 -0 44728.dat
1 28 -5.226082 13.274536 10.110891 0.866025 -0.5 0 0.5 0.866025 0 0 0 1 2580c01.dat
1 28 54.773849 -90.648468 10.1109 0.866025 -0.5 0 0.5 0.866025 0 0 0 1 2580c01.dat
1 28 114.773865 -194.571442 10.110891 0.866025 -0.5 0 0.5 0.866025 0 0 0 1 2580c01.dat
1 28 174.773804 -298.494446 10.110886 0.866025 -0.5 0 0.5 0.866025 0 0 0 1 2580c01.dat
1 28 -61.226143 121.547653 10.110886 -0 -0 -0.999999 0 0.999999 0 0.999999 -0 0 3937.dat
1 28 -56.565826 122.19754 10.110897 -0 -0.499999 -0.866025 0 0.866025 -0.5 0.999999 0 -0 6134.dat
1 28 -71.275459 145.879364 0.511306 0.999999 0 0 0 1 0 -0 0 0.999999 2877.dat
1 28 -71.275459 145.879349 20.511303 0.999999 0 0 0 1 0 -0 0 0.999999 2877.dat
1 28 -71.275467 225.879349 0.511303 0.999999 0 -0 0 -0.999999 0 -0 -0 -0.999999 3023.dat
1 28 -61.275467 233.879349 11.511307 0 0 0.999999 0 -0.999999 0 0.999999 0 -0 3794a.dat
1 28 -81.275467 233.879349 11.511307 0 0 0.999999 0 -0.999999 0 0.999999 0 -0 3794a.dat
1 28 -71.275467 225.879349 20.511303 0.999999 0 -0 0 -0.999999 -0 -0 -0 -0.999999 44728.dat
1 28 -71.198418 353.671204 11.584702 0 0 1 0 -1 0 1 0 0 2580c01.dat
1 28 -81.198418 361.671204 11.584686 0 0 1 0 -1 0 1 0 0 3794a.dat
1 28 -61.198414 361.671204 11.584686 0 0 1 0 -1 0 1 0 0 3794a.dat
1 28 -81.19841 409.671204 11.584686 -0 0 -1 0 -1 0 -1 0 0 60481.dat
1 28 -81.19841 418.671204 11.584686 0 0 1 0 -1 0 1 0 0 32474.dat
1 28 178.773804 -305.494446 10.110886 0.866025 -0.5 0 0.5 0.866025 0 0 0 1 3068b.dat
1 28 -81.226143 121.547653 10.110886 0 0 0.999999 0 0.999999 0 -0.999999 0 0 3937.dat
1 28 -88.648987 124.048325 10.627426 0 0.707106 0.707106 -0 0.707106 -0.707106 -0.999999 -0 0 3938.dat
1 28 -94.305847 118.391472 10.627426 0 0.707106 0.707106 -0 0.707106 -0.707106 -0.999999 -0 0 3794a.dat
1 28 -111.276382 101.420952 9.627433 -0 0.707107 0.707107 -0 0.707107 -0.707107 -1 -0 0 3062b.dat
1 28 -131.782471 80.914856 9.627435 -0 0.707107 0.707107 -0 0.707107 -0.707107 -1 -0 0 3062b.dat
1 28 -152.288574 60.408764 9.627435 -0 0.707107 0.707107 -0 0.707107 -0.707107 -1 -0 0 3062b.dat
1 28 -155.116974 57.580338 9.627437 -0 0.707107 0.707107 -0 0.707107 -0.707107 -1 -0 0 30374.dat