0 untitled model
0 Name: 
0 Author: Anthony Evans
1 28 79.773865 -53.452286 -249.889099 -0 -0 -1 -0.866025 -0.5 0 -0.5 0.866025 0 4276b.dat
1 28 79.773865 -112.452286 -265.889099 0 0 1 1 -0 -0 0 1 -0 4275b.dat
1 28 79.773865 -17.185822 -201.37146 -0 -0 -1 -0.5 -0.866025 0 -0.866025 0.5 0 4276b.dat
1 28 79.773865 -60.281319 -244.727875 0 0 1 0.866025 -0.5 -0 0.5 0.866025 -0 4275b.dat
1 28 79.773865 5.486923 -145.698395 -0 -0 -1 0 -0.999999 0 -1 0 0 4276b.dat
1 28 79.773865 -10.156666 -204.793869 0 0 1 0.5 -0.866025 0 0.866025 0.5 -0 4275b.dat
1 28 79.773865 -18.39735 -90.031891 -0 -0 -1 0.5 -0.866025 -0 -0.866025 -0.5 0 4276b.dat
1 28 79.773865 -2.397343 -149.031876 0 0 1 -0 -0.999999 0 0.999999 -0 -0 4275b.dat
1 28 79.773865 -55.21209 -42.65387 -0 -0 -1 0.866025 -0.5 -0 -0.5 -0.866025 0 4276b.dat
1 28 79.773865 -11.855667 -85.749359 0 0 1 -0.5 -0.866025 0 0.866025 -0.5 -0 4275b.dat
1 28 79.773865 -115.362839 -35.50502 -0 -0 -1 0.999999 0 -0 0 -0.999999 0 4276b.dat
1 28 79.773865 -56.267315 -51.148605 0 0 1 -0.866025 -0.5 0 0.5 -0.866025 0 4275b.dat
1 28 79.773865 -174.913483 -43.706375 -0 -0 -1 0.866025 0.5 -0 0.5 -0.866025 -0 4276b.dat
1 28 79.773865 -115.913498 -27.706383 0 0 1 -0.999999 0 0 -0 -0.999999 0 4275b.dat
1 28 79.773865 -211.179932 -92.224014 -0 -0 -1 0.5 0.866025 -0 0.866025 -0.5 -0 4276b.dat
1 28 79.773865 -168.084473 -48.867615 0 0 1 -0.866025 0.5 0 -0.5 -0.866025 0 4275b.dat
1 28 79.773865 -234.23587 -147.272308 -0 -0 -1 -0 0.999999 -0 0.999999 0 -0 4276b.dat
1 28 79.773865 -218.592316 -88.176811 0 0 1 -0.5 0.866025 -0 -0.866025 -0.5 0 4275b.dat
1 28 79.773865 -210.351593 -202.938797 -0 -0 -1 -0.5 0.866025 0 0.866025 0.5 -0 4276b.dat
1 28 79.773865 -226.351639 -143.938797 0 0 1 0 0.999999 -0 -0.999999 0 0 4275b.dat
1 28 79.773865 -173.473709 -250.410492 -0 -0 -1 -0.866025 0.5 0 0.5 0.866025 -0 4276b.dat
1 28 79.773865 -216.830093 -207.314987 0 0 1 0.5 0.866025 -0 -0.866025 0.5 0 4275b.dat
1 28 79.773865 -113.322975 -257.559326 -0 -0 -1 -0.999999 -0 0 -0 0.999999 -0 4276b.dat
1 28 79.773865 -172.418457 -241.915756 0 0 1 0.866025 0.5 -0 -0.5 0.866025 -0 4275b.dat
1 28 99.773865 -53.452286 -249.889099 -0 -0 -1 -0.866025 -0.5 0 -0.5 0.866025 0 4276b.dat
1 28 99.773865 -112.452286 -265.889099 0 0 1 1 -0 -0 0 1 -0 4275b.dat
1 28 99.773865 -17.185822 -201.37146 -0 -0 -1 -0.5 -0.866025 0 -0.866025 0.5 0 4276b.dat
1 28 99.773865 -60.281319 -244.727875 0 0 1 0.866025 -0.5 -0 0.5 0.866025 -0 4275b.dat
1 28 99.773865 5.486923 -145.698395 -0 -0 -1 0 -0.999999 0 -1 0 0 4276b.dat
1 28 99.773865 -10.156666 -204.793869 0 0 1 0.5 -0.866025 0 0.866025 0.5 -0 4275b.dat
1 28 99.773865 -18.39735 -90.031891 -0 -0 -1 0.5 -0.866025 -0 -0.866025 -0.5 0 4276b.dat
1 28 99.773865 -2.397343 -149.031876 0 0 1 -0 -0.999999 0 0.999999 -0 -0 4275b.dat
1 28 99.773865 -55.21209 -42.65387 -0 -0 -1 0.866025 -0.5 -0 -0.5 -0.866025 0 4276b.dat
1 28 99.773865 -11.855667 -85.749359 0 0 1 -0.5 -0.866025 0 0.866025 -0.5 -0 4275b.dat
1 28 99.773865 -115.362839 -35.50502 -0 -0 -1 0.999999 0 -0 0 -0.999999 0 4276b.dat
1 28 99.773865 -56.267315 -51.148605 0 0 1 -0.866025 -0.5 0 0.5 -0.866025 0 4275b.dat
1 28 99.773865 -174.913483 -43.706375 -0 -0 -1 0.866025 0.5 -0 0.5 -0.866025 -0 4276b.dat
1 28 99.773865 -115.913498 -27.706383 0 0 1 -0.999999 0 0 -0 -0.999999 0 4275b.dat
1 28 99.773865 -211.179932 -92.224014 -0 -0 -1 0.5 0.866025 -0 0.866025 -0.5 -0 4276b.dat
1 28 99.773865 -168.084473 -48.867615 0 0 1 -0.866025 0.5 0 -0.5 -0.866025 0 4275b.dat
1 28 99.773865 -234.23587 -147.272308 -0 -0 -1 -0 0.999999 -0 0.999999 0 -0 4276b.dat
1 28 99.773865 -218.592316 -88.176811 0 0 1 -0.5 0.866025 -0 -0.866025 -0.5 0 4275b.dat
1 28 99.773865 -210.351593 -202.938797 -0 -0 -1 -0.5 0.866025 0 0.866025 0.5 -0 4276b.dat
1 28 99.773865 -226.351639 -143.938797 0 0 1 0 0.999999 -0 -0.999999 0 0 4275b.dat
1 28 99.773865 -173.473709 -250.410492 -0 -0 -1 -0.866025 0.5 0 0.5 0.866025 -0 4276b.dat
1 28 99.773865 -216.830093 -207.314987 0 0 1 0.5 0.866025 -0 -0.866025 0.5 0 4275b.dat
1 28 99.773865 -113.322975 -257.559326 -0 -0 -1 -0.999999 -0 0 -0 0.999999 -0 4276b.dat
1 28 99.773865 -172.418457 -241.915756 0 0 1 0.866025 0.5 -0 -0.5 0.866025 -0 4275b.dat
1 28 172.773849 -259.452271 47.110901 0 1 0 -1 0 0 0 -0 1 3961.dat
1 28 54.773865 -234.23587 212.727692 -0 -0 -1 -0 0.999999 -0 0.999999 0 -0 4276b.dat
1 28 54.773865 -211.592316 266.823181 0 0 1 -0.707106 0.707106 0 -0.707106 -0.707106 0 4275b.dat
1 28 54.773865 -217.697128 272.52951 -0 -0 -1 0.707106 0.707106 -0 0.707106 -0.707106 -0 4276b.dat
1 28 54.773865 -163.434464 294.769409 0 0 1 -0.999999 0 0 -0 -0.999999 0 4275b.dat
1 28 54.773865 -163.666199 286.805908 -0 -0 -1 0.999999 0 -0 0 -0.999999 0 4276b.dat
1 28 54.773865 -109.570679 264.162384 0 0 1 -0.707106 -0.707106 0 0.707106 -0.707106 -0 4275b.dat
1 28 54.773865 -103.864365 270.267181 -0 -0 -1 0.707106 -0.707106 -0 -0.707106 -0.707106 0 4276b.dat
1 28 54.773865 -81.624512 216.004501 0 0 1 -0 -0.999999 0 0.999999 -0 -0 4275b.dat
1 28 54.773865 -89.220795 216.399567 -0 -0 -1 0 -0.999999 0 -0.999999 -0 0 4276b.dat
1 28 54.773865 -111.864349 162.304077 0 0 1 0.707106 -0.707107 -0 0.707107 0.707106 -0 4275b.dat
1 28 54.773865 -105.759537 156.597748 -0 -0 -1 -0.707106 -0.707106 0 -0.707106 0.707106 0 4276b.dat
1 28 54.773865 -160.022202 134.357849 0 0 1 0.999999 -0 -0 0 0.999999 -0 4275b.dat
1 28 54.773865 -159.790466 142.32135 -0 -0 -1 -0.999999 -0 0 -0 0.999999 -0 4276b.dat
1 28 54.773865 -213.885986 164.964874 0 0 1 0.707107 0.707106 -0 -0.707106 0.707107 0 4275b.dat
1 28 54.773865 -219.592316 158.860077 -0 -0 -1 -0.707106 0.707106 0 0.707106 0.707106 -0 4276b.dat
1 28 54.773865 -241.832153 213.122742 0 0 1 0 0.999999 -0 -0.999999 0 0 4275b.dat
1 28 34.773865 -234.23587 212.727692 -0 -0 -1 -0 0.999999 -0 0.999999 0 -0 4276b.dat
1 28 34.773865 -211.592316 266.823181 0 0 1 -0.707106 0.707106 0 -0.707106 -0.707106 0 4275b.dat
1 28 34.773865 -217.697128 272.52951 -0 -0 -1 0.707106 0.707106 -0 0.707106 -0.707106 -0 4276b.dat
1 28 34.773865 -163.434464 294.769409 0 0 1 -0.999999 0 0 -0 -0.999999 0 4275b.dat
1 28 34.773865 -163.666199 286.805908 -0 -0 -1 0.999999 0 -0 0 -0.999999 0 4276b.dat
1 28 34.773865 -109.570679 264.162384 0 0 1 -0.707106 -0.707106 0 0.707106 -0.707106 -0 4275b.dat
1 28 34.773865 -103.864365 270.267181 -0 -0 -1 0.707106 -0.707106 -0 -0.707106 -0.707106 0 4276b.dat
1 28 34.773865 -81.624512 216.004501 0 0 1 -0 -0.999999 0 0.999999 -0 -0 4275b.dat
1 28 34.773865 -89.220795 216.399567 -0 -0 -1 0 -0.999999 0 -0.999999 -0 0 4276b.dat
1 28 34.773865 -111.864349 162.304077 0 0 1 0.707106 -0.707107 -0 0.707107 0.707106 -0 4275b.dat
1 28 34.773865 -105.759537 156.597748 -0 -0 -1 -0.707106 -0.707106 0 -0.707106 0.707106 0 4276b.dat
1 28 34.773865 -160.022202 134.357849 0 0 1 0.999999 -0 -0 0 0.999999 -0 4275b.dat
1 28 34.773865 -159.790466 142.32135 -0 -0 -1 -0.999999 -0 0 -0 0.999999 -0 4276b.dat
1 28 34.773865 -213.885986 164.964874 0 0 1 0.707107 0.707106 -0 -0.707106 0.707107 0 4275b.dat
1 28 34.773865 -219.592316 158.860077 -0 -0 -1 -0.707106 0.707106 0 0.707106 0.707106 -0 4276b.dat
1 28 34.773865 -241.832153 213.122742 0 0 1 0 0.999999 -0 -0.999999 0 0 4275b.dat
1 28 34.773865 81.240463 62.597748 -0 -0 -1 -0.5 -0.866025 0 -0.866025 0.5 0 4276b.dat
1 28 34.773865 31.977798 34.357849 0 0 1 0.999999 -0 -0 0 0.999999 -0 4275b.dat
1 28 34.773865 88.081291 115.152328 -0 -0 -1 0.5 -0.866025 -0 -0.866025 -0.5 0 4276b.dat
1 28 34.773865 87.906441 58.369659 0 0 1 0.5 -0.866025 0 0.866025 0.5 -0 4275b.dat
1 28 34.773865 45.719006 147.553589 -0 -0 -1 0.999999 0 -0 0 -0.999999 0 4276b.dat
1 28 34.773865 94.806801 119.010826 0 0 1 -0.5 -0.866025 0 0.866025 -0.5 -0 4275b.dat
1 28 34.773865 -3.215012 127.200653 -0 -0 -1 0.5 0.866025 -0 0.866025 -0.5 -0 4276b.dat
1 28 34.773865 46.047646 155.440552 0 0 1 -0.999999 0 0 -0 -0.999999 0 4275b.dat
1 28 34.773865 -10.437405 74.336632 -0 -0 -1 -0.5 0.866025 0 0.866025 0.5 -0 4276b.dat
1 28 34.773865 -10.262535 131.119293 0 0 1 -0.5 0.866025 -0 -0.866025 -0.5 0 4275b.dat
1 28 34.773865 31.655762 42.134995 -0 -0 -1 -0.999999 -0 0 -0 0.999999 -0 4276b.dat
1 28 34.773865 -17.432034 70.677757 0 0 1 0.5 0.866025 -0 -0.866025 0.5 0 4275b.dat