0 untitled model
0 Name: 
0 Author: Anthony Evans
1 28 -51.275478 193.879349 10.511305 0 1 0 -0 -0 1 1 0 0 3961.dat
1 28 -75.275475 193.879349 10.511302 -0 1 0 0 0 1 1 0 0 3941.dat
1 28 -23.275475 193.879349 10.511306 -0 -1 0 0 0 1 -1 0 0 87994.dat
1 28 -83.275482 193.879349 10.511305 -0 1 0 0 0 1 1 0 0 4032a.dat
1 28 -91.275467 183.879349 10.511304 -0 1 0 0 0 1 1 0 0 44728.dat
1 28 -91.275467 203.879349 10.511302 -0 1 0 0 -0 -0.999999 -0.999999 -0 -0 44728.dat
1 28 -5.226082 13.274536 10.110891 0.866025 -0.5 0 0.5 0.866025 0 0 0 1 2580c01.dat
1 28 54.773849 -90.648468 10.1109 0.866025 -0.5 0 0.5 0.866025 0 0 0 1 2580c01.dat
1 28 114.773865 -194.571442 10.110891 0.866025 -0.5 0 0.5 0.866025 0 0 0 1 2580c01.dat
1 28 174.773804 -298.494446 10.110886 0.866025 -0.5 0 0.5 0.866025 0 0 0 1 2580c01.dat
1 28 -61.226143 121.547653 10.110886 -0 -0 -0.999999 0 0.999999 0 0.999999 -0 0 3937.dat
1 28 -56.565826 122.19754 10.110897 -0 -0.499999 -0.866025 0 0.866025 -0.5 0.999999 0 -0 6134.dat
1 28 -81.275467 145.879349 10.511304 -0 0 0.999999 0 1 0 -0.999999 0 -0 2877.dat
1 28 -61.275467 145.879349 10.511304 -0 0 0.999999 0 1 0 -0.999999 0 -0 2877.dat
1 28 -81.275467 121.879349 10.511304 -0 0 0.999999 0 1 0 -0.999999 0 -0 2877.dat
1 28 -71.275467 225.879349 20.511303 0.999999 0 -0 0 -0.999999 -0 -0 -0 -0.999999 44728.dat
1 28 -71.275467 225.879349 0.511303 0.999999 0 -0 0 -0.999999 0 -0 -0 -0.999999 3023.dat
1 28 -67.226135 205.547729 154.110901 1 0 -0 0 0 1 0 -1 0 2580c01.dat
1 28 -67.226135 195.547729 162.110901 1 0 -0 0 0 1 0 -1 0 3794a.dat
1 28 -67.226135 215.547729 162.110901 1 0 -0 0 0 1 0 -1 0 3794a.dat
1 28 -67.226135 215.547729 210.110901 1 0 -0 0 0 1 0 -1 0 60481.dat
1 28 -67.226135 215.547729 220.110901 1 0 -0 0 0 1 0 -1 0 32474.dat
1 28 -99.226151 193.547729 10.110901 -0 1 0 -1 -0 0 0 0 1 30106.dat
1 28 -121.226135 230.237885 50.120522 0 0 -1 0.866025 -0.5 0 -0.5 -0.866025 0 4276b.dat
1 28 -121.226135 258.477783 0.857844 0 0 1 0 -0.999999 0 0.999999 0 0 4275b.dat
1 28 -121.226135 177.683319 56.961342 0 0 -1 0.866025 0.5 0 0.5 -0.866025 0 4276b.dat
1 28 -121.226135 234.466003 56.786507 0 0 1 -0.866025 -0.5 0 0.5 -0.866025 0 4275b.dat
1 28 -121.226135 145.282043 14.59907 0 0 -1 0 0.999999 0 0.999999 -0 0 4276b.dat
1 28 -121.226135 173.824814 63.686859 0 0 1 -0.866025 0.5 0 -0.5 -0.866025 0 4275b.dat
1 28 -121.226135 165.634979 -34.334953 0 0 -1 -0.866025 0.5 0 0.5 0.866025 0 4276b.dat
1 28 -121.226135 137.395081 14.927715 0 0 1 -0 0.999999 0 -0.999999 -0 0 4275b.dat
1 28 -121.22612 218.498993 -41.55735 0 0 -1 -0.866025 -0.5 0 -0.5 0.866025 0 4276b.dat
1 28 -121.226135 161.716339 -41.382469 0 0 1 0.866025 0.5 0 -0.5 0.866025 0 4275b.dat
1 28 -121.226135 250.700653 0.53581 0 0 -1 -0 -0.999999 0 -0.999999 0 0 4276b.dat
1 28 -121.22612 222.157867 -48.551979 0 0 1 0.866025 -0.5 0 0.5 0.866025 0 4275b.dat
1 28 -101.226135 230.237885 50.120522 0 0 -1 0.866025 -0.5 0 -0.5 -0.866025 0 4276b.dat
1 28 -101.226135 258.477783 0.857846 0 0 1 0 -0.999999 0 0.999999 0 0 4275b.dat
1 28 -101.226135 177.683319 56.961342 0 0 -1 0.866025 0.5 0 0.5 -0.866025 0 4276b.dat
1 28 -101.226135 234.466003 56.786507 0 0 1 -0.866025 -0.5 0 0.5 -0.866025 0 4275b.dat
1 28 -101.226135 145.282043 14.599073 0 0 -1 0 0.999999 0 0.999999 -0 0 4276b.dat
1 28 -101.226135 173.824814 63.686859 0 0 1 -0.866025 0.5 0 -0.5 -0.866025 0 4275b.dat
1 28 -101.22612 165.634979 -34.334953 0 0 -1 -0.866025 0.5 0 0.5 0.866025 0 4276b.dat
1 28 -101.226135 137.395081 14.927715 0 0 1 -0 0.999999 0 -0.999999 -0 0 4275b.dat
1 28 -101.22612 218.498993 -41.55735 0 0 -1 -0.866025 -0.5 0 -0.5 0.866025 0 4276b.dat
1 28 -101.22612 161.716339 -41.382469 0 0 1 0.866025 0.5 0 -0.5 0.866025 0 4275b.dat
1 28 -101.226135 250.700653 0.53581 0 0 -1 -0 -0.999999 0 -0.999999 0 0 4276b.dat
1 28 -101.226135 222.157867 -48.551979 0 0 1 0.866025 -0.5 0 0.5 0.866025 0 4275b.dat
1 28 -111.226135 266.477783 0.857844 -0 0 1 0 -0.999999 0 0.999999 0 0 3068bp07.dat
1 28 -111.226135 129.477783 14.857861 -0 0 1 -0 0.999999 -0 -0.999999 -0 -0 3068bp17.dat
1 28 -111.22612 226.477783 -55.142143 -0 0 1 0.866025 -0.499999 0 0.499999 0.866025 -0 3068bp61.dat
1 28 -111.22612 157.477783 -48.142143 -0 0 1 0.866025 0.5 0 -0.5 0.866025 -0 3068bp07.dat
1 28 -91.226135 242.477783 0.857849 -0.999999 0 -0 -0 -0.999999 0 -0 0 1 3020.dat
1 28 -111.226135 170.477798 70.857857 -0 0 1 -0.866024 0.499999 -0 -0.499999 -0.866024 0 3068bp07.dat
1 28 -111.226135 238.477814 63.857857 -0 0 1 -0.866024 -0.499999 -0 0.499999 -0.866024 0 3068bp07.dat
1 28 -61.275467 233.879349 11.511307 0 0 0.999999 0 -0.999999 0 0.999999 0 -0 3794a.dat
1 28 -81.275467 233.879349 11.511307 0 0 0.999999 0 -0.999999 0 0.999999 0 -0 3794a.dat