0 untitled model
0 Name: 
0 Author: Anthony Evans
1 28 -26.801842 -20.451588 39.381977 0 0 -1 0.5 0.866025 0 0.866025 -0.5 0 4276b.dat
1 28 -26.801836 28.811054 67.621857 0 0 1 -0.999999 0 0 0 -0.999999 0 4275b.dat
1 28 -26.801842 -27.29245 -13.172592 0 0 -1 -0.5 0.866025 0 0.866025 0.5 0 4276b.dat
1 28 -26.801838 -27.117592 43.610062 0 0 1 -0.5 0.866025 0 -0.866025 -0.5 0 4275b.dat
1 28 -26.801836 15.069841 -45.573833 0 0 -1 -0.999999 0 0 0 0.999999 0 4276b.dat
1 28 -26.801836 -34.017937 -17.031097 0 0 1 0.5 0.866025 0 -0.866025 0.5 0 4275b.dat
1 28 -26.801842 64.003838 -25.220901 0 0 -1 -0.5 -0.866025 0 -0.866025 0.5 0 4276b.dat
1 28 -26.80184 14.741205 -53.460789 0 0 1 0.999999 0 0 0 0.999999 0 4275b.dat
1 28 -26.801838 71.226234 27.643089 0 0 -1 0.5 -0.866025 0 -0.866025 -0.5 0 4276b.dat
1 28 -26.801842 71.051369 -29.139542 0 0 1 0.5 -0.866025 0 0.866025 0.5 0 4275b.dat
1 28 -26.80184 29.133089 59.844723 0 0 -1 0.999999 0 0 0 -0.999999 0 4276b.dat
1 28 -26.801838 78.220886 31.301979 0 0 1 -0.5 -0.866025 0 0.866025 -0.5 0 4275b.dat
1 28 -6.801842 -20.451588 39.381977 0 0 -1 0.5 0.866025 0 0.866025 -0.5 0 4276b.dat
1 28 -6.801842 28.811054 67.621857 0 0 1 -0.999999 0 0 0 -0.999999 0 4275b.dat
1 28 -6.801842 -27.292442 -13.172592 0 0 -1 -0.5 0.866025 0 0.866025 0.5 0 4276b.dat
1 28 -6.801846 -27.117584 43.610062 0 0 1 -0.5 0.866025 0 -0.866025 -0.5 0 4275b.dat
1 28 -6.801844 15.069845 -45.573833 0 0 -1 -0.999999 0 0 0 0.999999 0 4276b.dat
1 28 -6.801842 -34.017944 -17.031097 0 0 1 0.5 0.866025 0 -0.866025 0.5 0 4275b.dat
1 28 -6.801838 64.003838 -25.220901 0 0 -1 -0.5 -0.866025 0 -0.866025 0.5 0 4276b.dat
1 28 -6.801842 14.741205 -53.460789 0 0 1 0.999999 0 0 0 0.999999 0 4275b.dat
1 28 -6.801842 71.226242 27.643087 0 0 -1 0.5 -0.866025 0 -0.866025 -0.5 0 4276b.dat
1 28 -6.801842 71.051361 -29.139545 0 0 1 0.5 -0.866025 0 0.866025 0.5 0 4275b.dat
1 28 -6.801842 29.133089 59.844723 0 0 -1 0.999999 0 0 0 -0.999999 0 4276b.dat
1 28 -6.80184 78.220886 31.301979 0 0 1 -0.5 -0.866025 0 0.866025 -0.5 0 4275b.dat
1 28 -16.80184 28.81106 75.621857 0 0 1 -0.999999 0 0 0 -0.999999 0 3068bp07.dat
1 28 -16.801842 14.811041 -61.378071 0 0 1 0.999999 0 0 0 0.999999 0 3068bp17.dat
1 28 -16.80184 84.811035 35.621887 0 0 1 -0.5 -0.866025 0 0.866025 -0.5 0 3068bp61.dat
1 28 -16.801842 77.811005 -33.378086 0 0 1 0.499999 -0.866025 0 0.866025 0.499999 0 3068bp07.dat
1 28 3.198158 28.811054 51.621872 -0.999999 0 0 0 0 -0.999999 0 -0.999999 0 3020.dat
1 28 -16.801838 -41.188923 -20.378107 0 0 1 0.5 0.866024 0 -0.866024 0.5 0 3068bp07.dat
1 28 -16.801838 -34.188931 47.621876 0 0 1 -0.499999 0.866024 0 -0.866024 -0.499999 0 3068bp07.dat
1 28 -36.978199 2.929943 37.643131 0 0.999999 0 0.5 0 0.866025 0.866025 0 -0.5 42446.dat
1 28 -115.978233 3.250475 37.375168 0 0.999999 0 0.5 0 0.866025 0.866025 0 -0.5 30374.dat
1 28 -39.978233 3.250465 37.375168 1 0 0 0 -0.999999 0 0 0 -0.999999 4274.dat
1 28 -36.978199 53.043583 16.64735 0 0.999999 0 0.5 0 -0.866025 -0.866025 0 -0.5 42446.dat
1 28 -115.978233 52.651276 16.503767 0 0.999999 0 0.5 0 -0.866025 -0.866025 0 -0.5 30374.dat
1 28 -39.97823 52.651283 16.503761 1 0 0 0 0.5 -0.866025 0 0.866025 0.5 4274.dat
1 28 -36.978203 16.903111 -24.282703 0 0.999999 0 -0.999999 0 0 0 0 0.999999 42446.dat
1 28 -115.978226 16.974899 -23.871151 0 0.999999 0 -0.999999 0 0 0 0 0.999999 30374.dat
1 28 -39.97823 16.974899 -23.871151 1 0 0 0 0.5 0.866025 0 -0.866025 0.5 4274.dat
1 28 -115.978233 52.651276 16.503767 0 0.999999 0 0.866025 0 -0.5 -0.5 0 -0.866025 2335.dat
1 28 -48.226135 -11.452286 22.110893 1 -0 -0 -0 -0.866025 -0.5 -0 0.5 -0.866025 57274.dat
1 28 -48.226135 -8.452286 -13.889107 1 -0 -0 -0 -0.866025 0.5 -0 -0.5 -0.866025 57274.dat
1 28 -26.801842 -18.451588 26.381977 -0 0 1 -0.5 0.866025 0 -0.866025 -0.5 -0 4085c.dat
1 28 -26.801842 -15.451588 -17.618023 -0 0 1 0.5 0.866025 0 -0.866025 0.5 0 4085c.dat
1 28 13.198158 28.811054 43.621872 -0.999999 -0 0 -0 0 -0.999999 0 -0.999999 -0 3021.dat