0 untitled model
0 Name: 
0 Author: Anthony Evans
1 28 -29.226135 67.240463 -25.402252 -0 -0 -1 -0.5 -0.866025 0 -0.866025 0.5 0 4276b.dat
1 28 -29.226135 17.977798 -53.642151 0 0 1 0.999999 -0 -0 0 0.999999 -0 4275b.dat
1 28 -29.226135 74.081291 27.152328 -0 -0 -1 0.5 -0.866025 -0 -0.866025 -0.5 0 4276b.dat
1 28 -29.226135 73.906441 -29.630341 0 0 1 0.5 -0.866025 0 0.866025 0.5 -0 4275b.dat
1 28 -29.226135 31.719006 59.553589 -0 -0 -1 0.999999 0 -0 0 -0.999999 0 4276b.dat
1 28 -29.226135 80.806801 31.010826 0 0 1 -0.5 -0.866025 0 0.866025 -0.5 -0 4275b.dat
1 28 -29.226135 -17.215012 39.200653 -0 -0 -1 0.5 0.866025 -0 0.866025 -0.5 -0 4276b.dat
1 28 -29.226135 32.047646 67.440552 0 0 1 -0.999999 0 0 -0 -0.999999 0 4275b.dat
1 28 -29.226135 -24.437408 -13.663368 -0 -0 -1 -0.5 0.866025 0 0.866025 0.5 -0 4276b.dat
1 28 -29.226135 -24.262535 43.119293 0 0 1 -0.5 0.866025 -0 -0.866025 -0.5 0 4275b.dat
1 28 -29.226135 17.655762 -45.865005 -0 -0 -1 -0.999999 -0 0 -0 0.999999 -0 4276b.dat
1 28 -29.226135 -31.432037 -17.322243 0 0 1 0.5 0.866025 -0 -0.866025 0.5 0 4275b.dat
1 28 -9.226135 67.240463 -25.402252 -0 -0 -1 -0.5 -0.866025 0 -0.866025 0.5 0 4276b.dat
1 28 -9.226135 17.977798 -53.642151 0 0 1 0.999999 -0 -0 0 0.999999 -0 4275b.dat
1 28 -9.226135 74.081291 27.152328 -0 -0 -1 0.5 -0.866025 -0 -0.866025 -0.5 0 4276b.dat
1 28 -9.226135 73.906441 -29.630341 0 0 1 0.5 -0.866025 0 0.866025 0.5 -0 4275b.dat
1 28 -9.226135 31.719006 59.553589 -0 -0 -1 0.999999 0 -0 0 -0.999999 0 4276b.dat
1 28 -9.226135 80.806801 31.010826 0 0 1 -0.5 -0.866025 0 0.866025 -0.5 -0 4275b.dat
1 28 -9.226135 -17.215012 39.200653 -0 -0 -1 0.5 0.866025 -0 0.866025 -0.5 -0 4276b.dat
1 28 -9.226135 32.047646 67.440552 0 0 1 -0.999999 0 0 -0 -0.999999 0 4275b.dat
1 28 -9.226135 -24.437408 -13.663368 -0 -0 -1 -0.5 0.866025 0 0.866025 0.5 -0 4276b.dat
1 28 -9.226135 -24.262535 43.119293 0 0 1 -0.5 0.866025 -0 -0.866025 -0.5 0 4275b.dat
1 28 -9.226135 17.655762 -45.865005 -0 -0 -1 -0.999999 -0 0 -0 0.999999 -0 4276b.dat
1 28 -9.226135 -31.432037 -17.322243 0 0 1 0.5 0.866025 -0 -0.866025 0.5 0 4275b.dat
1 28 -19.226135 17.977798 -61.642151 -0 0 1 0.999999 0 0 0 0.999999 -0 3068bp07.dat
1 28 -19.226135 31.977798 75.357849 -0 0 1 -0.999999 0 -0 -0 -0.999999 0 3068bp17.dat
1 28 -19.226135 -38.022202 -21.642151 -0 0 1 0.5 0.866025 -0 -0.866025 0.5 -0 3068bp61.dat
1 28 -19.226135 -31.022202 47.357849 -0 0 1 -0.499999 0.866025 -0 -0.866025 -0.499999 -0 3068bp07.dat
1 28 0.773865 17.977798 -37.642151 -0.999999 0 -0 -0 0 1 0 0.999999 -0 3020.dat
1 28 -19.226135 87.977798 34.357849 -0 0 1 -0.5 -0.866024 0 0.866024 -0.5 0 3068bp07.dat
1 28 -19.226135 80.977798 -33.642151 -0 0 1 0.499999 -0.866024 0 0.866024 0.499999 0 3068bp07.dat