0 untitled model
0 Name: 
0 Author: Anthony Evans
1 28 27.046219 7.477448 140.756287 -0.25 -0.933012 0.258819 0.965925 -0.258819 0 0.066987 0.25 0.965926 44728.dat
1 28 32.222595 7.477417 160.074799 0.25 -0.933012 -0.258819 -0.965925 -0.258819 0 -0.066987 0.25 -0.965925 44728.dat
1 28 -97.294579 -15.180542 -2.549774 -0.678603 0.69065 -0.25 -0.224144 0.129409 0.965925 0.699469 0.711516 0.066987 2580c01.dat
1 28 -180.172562 -30.709702 -87.931702 -0.678603 0.69065 -0.25 -0.224144 0.129409 0.965925 0.699469 0.711516 0.066987 2580c01.dat
1 28 -263.050476 -46.238831 -173.313583 -0.678603 0.69065 -0.25 -0.224144 0.129409 0.965925 0.699469 0.711516 0.066987 2580c01.dat
1 28 -345.928497 -61.767929 -258.695465 -0.678603 0.69065 -0.25 -0.224144 0.129409 0.965925 0.699469 0.711516 0.066987 2580c01.dat
1 28 -17.02269 -0.686691 88.033997 -0.25 0.258819 0.933012 0.965925 -0 0.258819 0.066987 0.965925 -0.25 3937.dat
1 28 -21.202602 -1.892822 89.826813 -0.25 0.690649 0.678603 0.965925 0.129409 0.224144 0.066987 0.711516 -0.699469 6134.dat
1 28 1.050865 -7.358246 108.381256 -0.933012 0.258819 -0.25 -0.258819 0 0.965925 0.25 0.965925 0.066987 2877.dat
1 28 -3.949173 11.960327 109.720947 0.933012 0.258819 0.25 0.258819 0 -0.965925 -0.25 0.965925 -0.066987 2877.dat
1 28 21.756348 -7.358154 185.655212 -0.933012 -0.258819 0.25 -0.258819 0 -0.965925 0.25 -0.965925 -0.066987 3023.dat
1 28 11.746811 0.678741 196.619507 -0.25 -0.258819 -0.933012 0.965925 0 -0.258819 0.066987 -0.965925 0.25 3794a.dat
1 28 30.407028 5.855118 191.619507 -0.25 -0.258819 -0.933012 0.965925 0 -0.258819 0.066987 -0.965925 0.25 3794a.dat
1 28 16.756386 11.960297 186.995056 -0.933012 -0.258819 0.25 -0.258819 0 -0.965925 0.25 -0.965925 -0.066987 44728.dat
1 28 51.991104 3.317963 309.853729 -0.25 -0.258819 -0.933012 0.965925 -0 -0.258819 0.066987 -0.965926 0.25 2580c01.dat
1 28 63.391724 5.906143 315.081055 -0.25 -0.258819 -0.933012 0.965925 -0 -0.258819 0.066987 -0.965926 0.25 3794a.dat
1 28 44.731476 0.729767 320.081024 -0.25 -0.258819 -0.933012 0.965925 -0 -0.258819 0.066987 -0.965926 0.25 3794a.dat
1 28 75.815063 5.906189 361.445526 0.25 -0.258819 0.933012 -0.965925 -0 0.258819 -0.066987 -0.965926 -0.25 60481.dat
1 28 78.144501 5.906067 370.139038 -0.25 -0.258819 -0.933012 0.965925 -0 -0.258819 0.066987 -0.965926 0.25 32474.dat
1 28 -351.472198 -62.803223 -264.45697 -0.678603 0.69065 -0.25 -0.224144 0.12941 0.965925 0.699469 0.711516 0.066987 3068b.dat
1 28 1.637535 4.489685 83.033997 0.25 0.258819 -0.933012 -0.965925 -0 -0.258819 -0.066987 0.965925 0.25 3937.dat
1 28 9.081268 6.909775 83.628342 0.25 -0.476726 -0.842752 -0.965925 -0.183012 -0.183013 -0.066987 0.859788 -0.506236 3938.dat
1 28 12.895073 8.373901 76.75 0.25 -0.476726 -0.842752 -0.965925 -0.183012 -0.183013 -0.066987 0.859788 -0.506236 3794a.dat
1 28 24.586487 11.800278 56.048157 0.25 -0.476727 -0.842752 -0.965925 -0.183013 -0.183013 -0.066987 0.859789 -0.506236 3062b.dat
1 28 38.411537 17.107697 31.114288 0.25 -0.476727 -0.842752 -0.965925 -0.183013 -0.183013 -0.066987 0.859789 -0.506236 3062b.dat
1 28 52.236664 22.415024 6.180389 0.25 -0.476727 -0.842752 -0.965925 -0.183013 -0.183013 -0.066987 0.859789 -0.506236 3062b.dat
1 28 54.143494 23.147141 2.741272 0.25 -0.476727 -0.842752 -0.965925 -0.183013 -0.183013 -0.066987 0.859789 -0.506236 30374.dat
1 28 -7.467796 -4.240753 160.013794 -0.258819 -0.933012 -0.25 -0 -0.258819 0.965925 -0.965926 0.25 0.066987 3961.dat
1 28 -72.778687 -22.358124 177.513733 -0.258819 -0.933012 -0.25 -0 -0.258819 0.965925 -0.965926 0.25 0.066987 3741.dat
1 28 -52.252411 -16.664093 172.013733 0.258819 0.933012 -0.25 0 0.258819 0.965925 0.965926 -0.25 0.066987 64644.dat
1 28 -87.706894 -26.499207 181.513733 -0.258819 -0.933012 -0.25 -0 -0.258819 0.965925 -0.965926 0.25 0.066987 4740.dat
1 28 14.924454 1.970871 154.013763 -0.258819 -0.933012 -0.25 -0 -0.258819 0.965925 -0.965926 0.25 0.066987 3941.dat
1 28 -33.592163 -11.487686 167.013733 0.258819 0.933012 -0.25 0 0.258819 0.965925 0.965926 -0.25 0.066987 87994.dat
1 28 -108.233124 -32.193192 187.013733 0.258819 0.933012 -0.25 0 0.258819 0.965925 0.965926 -0.25 0.066987 87994.dat
1 28 22.38858 4.041458 152.013733 -0.258819 -0.933012 -0.25 -0 -0.258819 0.965925 -0.965926 0.25 0.066987 4032a.dat
1 28 41.486282 42.29924 108.59201 -0.087097 0.349144 0.933012 0.836516 -0.482963 0.258819 0.540975 0.803022 -0.25 4276b.dat
1 28 47.176392 69.576843 158.06778 -0.258819 0.25 -0.933012 0 -0.965925 -0.258819 -0.965925 -0.066987 0.25 4275b.dat
1 28 52.85434 -8.464539 98.463745 -0.345916 0.099144 0.933012 0.836516 0.482963 0.258819 -0.42495 0.870009 -0.25 4276b.dat
1 28 38.703941 46.38324 102.436432 0.087097 0.349144 -0.933012 -0.836516 -0.482963 -0.258819 -0.540975 0.803022 0.25 4275b.dat
1 28 71.918839 -39.761765 137.212097 -0.258819 -0.25 0.933012 0 0.965925 0.258819 -0.965925 0.066987 -0.25 4276b.dat
1 28 52.078278 -12.191589 91.708954 0.345916 0.099144 -0.933012 -0.836516 0.482963 -0.258819 0.42495 0.870009 0.25 4275b.dat
1 28 79.495636 -20.102264 185.842163 0.087097 -0.349144 0.933012 -0.836516 0.482963 0.258819 -0.540975 -0.803022 -0.25 4276b.dat
1 28 73.805511 -47.379959 136.366333 0.258819 -0.25 -0.933012 -0 0.965925 -0.258819 0.965925 0.066987 0.25 4275b.dat
1 28 68.148926 30.960388 196.359558 0.345916 -0.099144 0.933012 -0.836516 -0.482963 0.258819 0.42495 -0.870009 -0.25 4276b.dat
1 28 82.299347 -23.887451 192.386932 -0.087097 -0.349144 -0.933012 0.836516 0.482963 -0.258819 0.540975 -0.803022 0.25 4275b.dat
1 28 49.204041 62.064728 157.85791 0.258819 0.25 0.933012 -0 -0.965925 0.258819 0.965925 -0.066987 -0.25 4276b.dat
1 28 69.044571 34.494507 203.361023 -0.345916 -0.099144 -0.933012 0.836516 -0.482963 -0.258819 -0.42495 -0.870009 0.25 4275b.dat
1 28 22.826042 37.122864 113.59201 -0.087097 0.349144 0.933012 0.836516 -0.482963 0.258819 0.540975 0.803022 -0.25 4276b.dat
1 28 28.516197 64.400467 163.067749 -0.258819 0.25 -0.933012 0 -0.965925 -0.258819 -0.965925 -0.066987 0.25 4275b.dat
1 28 34.194107 -13.64093 103.463745 -0.345916 0.099144 0.933012 0.836516 0.482963 0.258819 -0.42495 0.870009 -0.25 4276b.dat
1 28 20.043732 41.206909 107.436371 0.087097 0.349144 -0.933012 -0.836516 -0.482963 -0.258819 -0.540975 0.803022 0.25 4275b.dat
1 28 53.258591 -44.938141 142.212097 -0.258819 -0.25 0.933012 0 0.965925 0.258819 -0.965925 0.066987 -0.25 4276b.dat
1 28 33.418091 -17.367981 96.708939 0.345916 0.099144 -0.933012 -0.836516 0.482963 -0.258819 0.42495 0.870009 0.25 4275b.dat
1 28 60.835388 -25.278656 190.842102 0.087097 -0.349144 0.933012 -0.836516 0.482963 0.258819 -0.540975 -0.803022 -0.25 4276b.dat
1 28 55.145309 -52.556351 141.366302 0.258819 -0.25 -0.933012 -0 0.965925 -0.258819 0.965925 0.066987 0.25 4275b.dat
1 28 49.488708 25.783936 201.359589 0.345916 -0.099144 0.933012 -0.836516 -0.482963 0.258819 0.42495 -0.870009 -0.25 4276b.dat
1 28 63.639099 -29.063828 197.386932 -0.087097 -0.349144 -0.933012 0.836516 0.482963 -0.258819 0.540975 -0.803022 0.25 4275b.dat
1 28 30.543854 56.888397 162.85788 0.258819 0.25 0.933012 -0 -0.965925 0.258819 0.965925 -0.066987 -0.25 4276b.dat
1 28 50.384384 29.318176 208.361053 -0.345916 -0.099144 -0.933012 0.836516 -0.482963 -0.258819 -0.42495 -0.870009 0.25 4275b.dat
1 28 35.846283 74.716064 161.103699 -0.258819 0.25 -0.933012 0 -0.965925 -0.258819 -0.965925 -0.066987 0.25 3068bp07.dat
1 28 66.472794 -57.615662 138.403412 0.258819 -0.25 -0.933012 -0 0.965925 -0.258819 0.965925 0.066987 0.25 3068bp17.dat
1 28 60.340179 36.079163 212.516052 -0.345916 -0.099144 -0.933012 0.836516 -0.482963 -0.258819 -0.42495 -0.870009 0.25 3068bp61.dat
1 28 75.778397 -30.569748 201.132324 -0.087097 -0.349143 -0.933012 0.836516 0.482962 -0.258819 0.540975 -0.803022 0.25 3068bp07.dat
1 28 23.18602 46.357483 164.495911 0.933012 0.25 -0.258819 0.258819 -0.965925 0 -0.25 -0.066987 -0.965925 3020.dat
1 28 41.728935 -18.012756 87.05809 0.345915 0.099144 -0.933012 -0.836515 0.482963 -0.258819 0.42495 0.870008 0.25 3068bp07.dat
1 28 26.540688 47.670181 98.374771 0.087097 0.349143 -0.933012 -0.836515 -0.482962 -0.258819 -0.540974 0.803021 0.25 3068bp07.dat
1 28 57.467255 43.253464 128.516205 -0.087097 -0.933012 0.349144 0.836516 -0.258819 -0.482963 0.540975 0.25 0.803022 42446.dat
1 28 131.325195 63.44133 109.057892 -0.087097 -0.933012 0.349144 0.836516 -0.258819 -0.482963 0.540975 0.25 0.803022 30374.dat
1 28 60.41626 43.771088 128.057892 -0.933012 -0.258819 0.25 -0.258819 0 -0.965925 0.25 -0.965925 -0.066987 4274.dat
1 28 75.686523 22.973129 175.515839 0.345916 -0.933012 -0.099144 -0.836516 -0.258819 -0.482963 0.42495 0.25 -0.870009 42446.dat
1 28 149.328888 43.281113 155.377258 0.345916 -0.933012 -0.099144 -0.836516 -0.258819 -0.482963 0.42495 0.25 -0.870009 30374.dat
1 28 78.419922 23.61087 174.377258 -0.933012 -0.087097 -0.349144 -0.258819 0.836516 0.482963 0.25 0.540975 -0.803022 4274.dat
1 28 76.565247 -16.562332 137.86499 -0.258819 -0.933012 -0.25 0 -0.258819 0.965925 -0.965925 0.25 0.066987 42446.dat
1 28 150.188873 4.282013 118.211914 -0.258819 -0.933012 -0.25 0 -0.258819 0.965925 -0.965925 0.25 0.066987 30374.dat
1 28 79.279953 -15.38826 137.211945 -0.933012 0.345916 0.099144 -0.258819 -0.836516 0.482963 0.25 0.42495 0.870009 4274.dat
1 28 149.328888 43.281113 155.377258 0.349144 -0.933012 0.087097 -0.482963 -0.258819 -0.836516 0.803022 0.25 -0.540975 2335.dat
1 28 68.12233 31.161682 110.771637 -0.933012 -0.349144 0.087097 -0.258819 0.482963 -0.836516 0.25 -0.803022 -0.540975 57274.dat
1 28 77.898758 -3.611633 111.257874 -0.933012 -0.099144 0.345916 -0.258819 -0.482963 -0.836516 0.25 -0.870009 0.42495 57274.dat
1 28 45.253922 29.742233 109.653046 0.087097 0.349144 -0.933012 -0.836516 -0.482963 -0.258819 -0.540975 0.803022 0.25 4085c.dat
1 28 57.03035 -12.758514 109.603363 0.345916 0.099144 -0.933012 -0.836516 0.482963 -0.258819 0.42495 0.870009 0.25 4085c.dat
1 28 15.855942 36.041901 166.460083 0.933012 0.25 -0.258819 0.258819 -0.965925 -0 -0.25 -0.066987 -0.965925 3021.dat
1 28 37.075546 10.11441 149.113647 -0.258819 -0.933012 -0.25 0 -0.258819 0.965925 -0.965926 0.25 0.066987 30106.dat