0 untitled model
0 Name: 
0 Author: Anthony Evans
1 28 69.536499 -227.079102 27.067108 -0.853853 -0.482963 -0.194114 0.288848 -0.129409 -0.948588 0.433012 -0.866025 0.25 44728.dat
1 28 65.654205 -246.050934 32.067123 0.853853 -0.482963 0.194114 -0.288848 -0.129409 0.948587 -0.433012 -0.866025 -0.25 44728.dat
1 28 61.436554 -76.496689 -90.278343 -0.515315 0.073374 -0.853853 -0.586366 -0.756796 0.288848 -0.625 0.649519 0.433012 2580c01.dat
1 28 52.631775 14.318758 -168.220505 -0.515315 0.073374 -0.853853 -0.586366 -0.756796 0.288848 -0.625 0.649519 0.433012 2580c01.dat
1 28 43.826889 105.134338 -246.162842 -0.515315 0.073374 -0.853853 -0.586366 -0.756796 0.288848 -0.625 0.649519 0.433012 2580c01.dat
1 28 35.022018 195.949707 -324.10498 -0.515315 0.073374 -0.853853 -0.586366 -0.756796 0.288848 -0.625 0.649519 0.433012 2580c01.dat
1 28 67.465164 -171.956329 -14.712669 -0.853853 -0.194114 0.482962 0.288848 -0.948587 0.129409 0.433012 0.25 0.866024 3937.dat
1 28 65.088165 -173.175934 -18.586105 -0.853853 0.073373 0.515315 0.288848 -0.756797 0.586366 0.433012 0.649518 0.625 6134.dat
1 28 75.792145 -196.509506 -4.083527 -0.482962 -0.194114 -0.853853 -0.129409 -0.948588 0.288848 -0.866025 0.25 0.433012 2877.dat
1 28 58.715073 -190.732498 4.576721 0.482962 -0.194114 0.853853 0.129409 -0.948588 -0.288848 0.866025 0.25 -0.433012 2877.dat
1 28 60.262955 -272.396545 15.916519 -0.482962 0.194114 0.853853 -0.129409 0.948587 -0.288848 -0.866024 -0.25 -0.433012 3023.dat
1 28 44.488129 -278.102203 14.019409 -0.853853 0.194114 -0.482962 0.288848 0.948587 -0.129409 0.433012 -0.25 -0.866024 3794a.dat
1 28 54.147339 -275.514038 31.339874 -0.853853 0.194114 -0.482962 0.288848 0.948587 -0.129409 0.433012 -0.25 -0.866024 3794a.dat
1 28 43.185913 -266.619476 24.576752 -0.482962 0.194114 0.853853 -0.129409 0.948587 -0.288848 -0.866024 -0.25 -0.433012 44728.dat
1 28 25.964554 -390.429596 52.59259 -0.853853 0.194114 -0.482963 0.288848 0.948588 -0.129409 0.433012 -0.25 -0.866025 2580c01.dat
1 28 29.241272 -396.724274 63.252823 -0.853853 0.194114 -0.482963 0.288848 0.948588 -0.129409 0.433012 -0.25 -0.866025 3794a.dat
1 28 19.582001 -399.312469 45.932343 -0.853853 0.194114 -0.482963 0.288848 0.948588 -0.129409 0.433012 -0.25 -0.866025 3794a.dat
1 28 19.923782 -442.256378 75.252777 0.853853 0.194114 0.482963 -0.288848 0.948588 0.129409 -0.433012 -0.25 0.866025 60481.dat
1 28 18.17659 -450.793976 77.50293 -0.853853 0.194114 -0.482963 0.288848 0.948588 -0.129409 0.433012 -0.25 -0.866025 32474.dat
1 28 34.449081 202.072357 -329.319092 -0.515315 0.073374 -0.853853 -0.586366 -0.756796 0.288848 -0.625 0.649519 0.433012 3068b.dat
1 28 77.124374 -169.368179 2.607849 0.853853 -0.194114 -0.482962 -0.288848 -0.948587 -0.129409 -0.433012 0.25 -0.866025 3937.dat
1 28 79.782898 -170.630402 9.885086 0.853853 -0.478765 -0.204247 -0.288848 -0.762259 0.579246 -0.433012 -0.435595 -0.789148 3938.dat
1 28 83.612991 -164.532471 13.369812 0.853853 -0.478765 -0.204247 -0.288848 -0.762259 0.579246 -0.433012 -0.435595 -0.789148 3794a.dat
1 28 95.957214 -146.5271 23.391068 0.853853 -0.478766 -0.204247 -0.288848 -0.762259 0.579246 -0.433012 -0.435596 -0.789149 3062b.dat
1 28 109.841431 -124.4216 36.023346 0.853853 -0.478766 -0.204247 -0.288848 -0.762259 0.579246 -0.433012 -0.435596 -0.789149 3062b.dat
1 28 123.725632 -102.316071 48.655579 0.853853 -0.478766 -0.204247 -0.288848 -0.762259 0.579246 -0.433012 -0.435596 -0.789149 3062b.dat
1 28 125.640686 -99.26709 50.397949 0.853853 -0.478766 -0.204247 -0.288848 -0.762259 0.579246 -0.433012 -0.435596 -0.789149 30374.dat
1 28 49.513245 -241.837677 -5.805954 0.194114 -0.482963 -0.853853 0.948588 -0.129409 0.288848 -0.25 -0.866025 0.433012 3961.dat
1 28 15.70575 -250.89624 -66.427757 0.194114 -0.482963 -0.853853 0.948588 -0.129409 0.288848 -0.25 -0.866025 0.433012 3741.dat
1 28 26.331024 -248.049347 -47.375153 -0.194114 0.482962 -0.853853 -0.948588 0.129409 0.288848 0.25 0.866024 0.433012 64644.dat
1 28 7.978348 -252.966888 -80.284111 0.194114 -0.482963 -0.853853 0.948588 -0.129409 0.288848 -0.25 -0.866025 0.433012 4740.dat
1 28 61.10434 -238.731873 14.978668 0.194114 -0.482963 -0.853853 0.948588 -0.129409 0.288848 -0.25 -0.866025 0.433012 3941.dat
1 28 35.990234 -245.461151 -30.054657 -0.194114 0.482963 -0.853853 -0.948588 0.129409 0.288848 0.25 0.866025 0.433012 87994.dat
1 28 -2.646729 -255.813904 -99.336594 -0.194114 0.482963 -0.853853 -0.948588 0.129409 0.288848 0.25 0.866025 0.433012 87994.dat
1 28 64.967957 -237.696625 21.906845 0.194114 -0.482963 -0.853853 0.948588 -0.129409 0.288848 -0.25 -0.866025 0.433012 4032a.dat
1 28 65.787476 -189.152664 58.739365 -0.836516 0.258819 0.482963 -0.224144 -0.965925 0.129409 0.5 0 0.866025 4276b.dat
1 28 32.112106 -227.725494 83.283234 0.194114 0.853853 -0.482963 0.948587 -0.288848 -0.129409 -0.25 -0.433012 -0.866025 4275b.dat
1 28 111.98925 -197.843628 34.272324 -0.642402 -0.595034 0.482963 0.724444 -0.677077 0.129409 0.25 0.433012 0.866025 4276b.dat
1 28 63.471252 -181.608002 58.903656 0.836516 0.258819 -0.482963 0.224144 -0.965925 -0.129409 -0.5 0 -0.866025 4275b.dat
1 28 131.431976 -247.387085 30.832764 0.194114 -0.853853 0.482963 0.948587 0.288848 0.129409 -0.25 0.433012 0.866025 4276b.dat
1 28 116.589294 -192.578568 30.920181 0.642402 -0.595034 -0.482963 -0.724444 -0.677077 -0.129409 -0.25 0.433012 -0.866025 4275b.dat
1 28 104.554848 -287.9263 51.879303 0.836516 -0.258819 0.482963 0.224144 0.965925 0.129409 -0.5 -0 0.866025 4276b.dat
1 28 138.230148 -249.353424 27.335419 -0.194114 -0.853853 -0.482963 -0.948587 0.288848 -0.129409 0.25 0.433012 -0.866025 4275b.dat
1 28 58.014862 -279.507721 76.575562 0.642402 0.595034 0.482963 -0.724444 0.677077 0.129409 -0.25 -0.433012 0.866025 4276b.dat
1 28 106.532791 -295.743408 51.944366 -0.836516 -0.258819 -0.482963 -0.224144 0.965925 -0.129409 0.5 -0 -0.866025 4275b.dat
1 28 38.690125 -230.277496 79.996185 -0.194114 0.853853 0.482963 -0.948587 -0.288848 0.129409 0.25 -0.433012 0.866025 4276b.dat
1 28 53.532928 -285.085724 79.9086 -0.642402 0.595034 -0.482963 0.724444 0.677077 -0.129409 0.25 -0.433012 -0.866025 4275b.dat
1 28 56.128159 -191.740814 41.4189 -0.836516 0.258819 0.482963 -0.224144 -0.965925 0.129409 0.5 0 0.866025 4276b.dat
1 28 22.452911 -230.313599 65.962769 0.194114 0.853853 -0.482963 0.948587 -0.288848 -0.129409 -0.25 -0.433012 -0.866025 4275b.dat
1 28 102.330032 -200.431824 16.951843 -0.642402 -0.595034 0.482963 0.724444 -0.677077 0.129409 0.25 0.433012 0.866025 4276b.dat
1 28 53.811996 -184.196198 41.583191 0.836516 0.258819 -0.482963 0.224144 -0.965925 -0.129409 -0.5 0 -0.866025 4275b.dat
1 28 121.772713 -249.975159 13.512329 0.194114 -0.853853 0.482963 0.948587 0.288848 0.129409 -0.25 0.433012 0.866025 4276b.dat
1 28 106.930107 -195.166763 13.599777 0.642402 -0.595034 -0.482963 -0.724444 -0.677077 -0.129409 -0.25 0.433012 -0.866025 4275b.dat
1 28 94.895576 -290.514496 34.558838 0.836516 -0.258819 0.482963 0.224144 0.965925 0.129409 -0.5 -0 0.866025 4276b.dat
1 28 128.570908 -251.941681 10.014938 -0.194114 -0.853853 -0.482963 -0.948587 0.288848 -0.129409 0.25 0.433012 -0.866025 4275b.dat
1 28 48.355591 -282.095886 59.255188 0.642402 0.595034 0.482963 -0.724444 0.677077 0.129409 -0.25 -0.433012 0.866025 4276b.dat
1 28 96.873489 -298.331604 34.623917 -0.836516 -0.258819 -0.482963 -0.224144 0.965925 -0.129409 0.5 -0 -0.866025 4275b.dat
1 28 29.030899 -232.865601 62.67569 -0.194114 0.853853 0.482963 -0.948587 -0.288848 0.129409 0.25 -0.433012 0.866025 4276b.dat
1 28 43.873672 -287.674225 62.588196 -0.642402 0.595034 -0.482963 0.724444 0.677077 -0.129409 0.25 -0.433012 -0.866025 4275b.dat
1 28 20.451813 -226.708649 78.087036 0.194114 0.853853 -0.482963 0.948587 -0.288848 -0.129409 -0.25 -0.433012 -0.866025 3068bp07.dat
1 28 140.147263 -253.000702 15.264359 -0.194114 -0.853853 -0.482963 -0.948587 0.288848 -0.129409 0.25 0.433012 -0.866025 3068bp17.dat
1 28 43.735443 -291.383636 74.766602 -0.642402 0.595034 -0.482963 0.724444 0.677077 -0.129409 0.25 -0.433012 -0.866025 3068bp61.dat
1 28 104.010094 -304.67392 43.138702 -0.836516 -0.258818 -0.482963 -0.224143 0.965925 -0.129409 0.5 -0 -0.866025 3068bp07.dat
1 28 31.284958 -236.22934 50.374268 0.482962 0.853853 0.194114 0.129409 -0.288848 0.948587 0.866024 -0.433012 -0.25 3020.dat
1 28 116.009552 -188.037033 19.017914 0.6424 -0.595034 -0.482963 -0.724443 -0.677076 -0.129409 -0.249999 0.433012 -0.866025 3068bp07.dat
1 28 56.58873 -175.035477 50.212738 0.836514 0.258818 -0.482963 0.224143 -0.965923 -0.129409 -0.499999 0 -0.866025 3068bp07.dat
1 28 67.648331 -210.517242 72.644775 -0.836516 -0.482962 0.258819 -0.224144 -0.129409 -0.965925 0.5 -0.866024 0 42446.dat
1 28 105.968887 -200.675568 141.024963 -0.836516 -0.482962 0.258819 -0.224144 -0.129409 -0.965925 0.5 -0.866024 0 30374.dat
1 28 69.263702 -210.51062 75.207001 -0.482963 0.194114 0.853853 -0.129409 0.948587 -0.288848 -0.866025 -0.25 -0.433012 4274.dat
1 28 75.8479 -264.118958 76.08165 0.642402 -0.482962 0.595034 -0.724444 -0.129409 0.677077 -0.25 -0.866024 -0.433012 42446.dat
1 28 114.200752 -253.565033 144.337463 0.642402 -0.482962 0.595034 -0.724444 -0.129409 0.677077 -0.25 -0.866024 -0.433012 30374.dat
1 28 77.495529 -263.400177 78.519501 -0.482963 -0.836516 -0.258819 -0.129409 -0.224144 0.965925 -0.866025 0.5 -0 4274.dat
1 28 117.811516 -241.65921 49.323364 0.194114 -0.482962 -0.853853 0.948587 -0.129409 0.288848 -0.25 -0.866024 0.433012 42446.dat
1 28 155.600113 -231.38504 117.935516 0.194114 -0.482962 -0.853853 0.948587 -0.129409 0.288848 -0.25 -0.866024 0.433012 30374.dat
1 28 118.894966 -241.220123 52.117645 -0.482963 0.642402 -0.595034 -0.129409 -0.724444 -0.677077 -0.866025 -0.25 0.433012 4274.dat
1 28 114.200752 -253.565033 144.337463 0.258819 -0.482962 0.836516 -0.965925 -0.129409 0.224144 0 -0.866024 -0.5 2335.dat
1 28 89.134644 -199.905319 72.064545 -0.482963 -0.258819 0.836516 -0.129409 0.965925 0.224144 -0.866025 -0 -0.5 57274.dat
1 28 119.291046 -213.149658 57.226074 -0.482963 0.595034 0.642402 -0.129409 0.677077 -0.724444 -0.866025 -0.433012 -0.25 57274.dat
1 28 76.499313 -194.804703 53.610184 0.836516 0.258819 -0.482963 0.224144 -0.965925 -0.129409 -0.5 0 -0.866025 4085c.dat
1 28 113.486542 -210.359802 35.307632 0.642402 -0.595034 -0.482963 -0.724444 -0.677077 -0.129409 -0.25 0.433012 -0.866025 4085c.dat
1 28 33.286102 -239.834167 38.249847 0.482962 0.853853 0.194114 0.12941 -0.288848 0.948587 0.866024 -0.433012 -0.25 3021.dat
1 28 70.793533 -235.996948 36.879318 0.194114 -0.482963 -0.853853 0.948588 -0.129409 0.288848 -0.25 -0.866025 0.433012 30106.dat