0 untitled model
0 Name: 
0 Author: Anthony Evans
1 28 -17.63504 -6.662872 243.967957 0 1 0 -1 0 0 0 0 1 44728.dat
1 28 -17.63501 -6.662888 263.967987 0 1 0 0.999999 0 0 0 0 -0.999999 44728.dat
1 28 68.414337 -6.262451 73.363167 0.866025 -0.5 0 0 0 -1 0.5 0.866025 0 2580c01.dat
1 28 128.414291 -6.262466 -30.559814 0.866025 -0.5 0 0 0 -1 0.5 0.866025 0 2580c01.dat
1 28 188.414291 -6.262466 -134.482742 0.866025 -0.5 0 0 0 -1 0.5 0.866025 0 2580c01.dat
1 28 248.414276 -6.262489 -238.405762 0.866025 -0.5 0 0 0 -1 0.5 0.866025 0 2580c01.dat
1 28 12.414307 -6.262421 181.636261 0 0 -0.999999 -0.999999 0 0 0 0.999999 0 3937.dat
1 28 17.074646 -6.262497 182.286148 0 -0.499999 -0.866025 -0.999999 0 0 0 0.866025 -0.5 6134.dat
1 28 2.36496 3.337112 205.968018 0.999999 0 0 0 0 -0.999999 0 1 0 2877.dat
1 28 2.36499 -16.662872 205.967957 -0.999999 0 0 0 0 0.999999 0 1 0 2877.dat
1 28 2.36499 3.337112 285.967957 0.999999 0 0 0 0 0.999999 0 -0.999999 0 3023.dat
1 28 12.36496 -7.662903 293.968018 0 0 0.999999 -0.999999 0 0 0 -0.999999 0 3794a.dat
1 28 -7.63501 -7.662903 293.968018 0 0 0.999999 -0.999999 0 0 0 -0.999999 0 3794a.dat
1 28 2.364929 -16.662872 285.967957 0.999999 0 0 0 0 0.999999 0 -0.999999 0 44728.dat
1 28 2.441986 -7.736298 413.759735 0 0 1 -1 0 0 0 -1 0 2580c01.dat
1 28 -7.557983 -7.736298 421.759705 0 0 1 -1 0 0 0 -1 0 3794a.dat
1 28 12.441986 -7.736298 421.759766 0 0 1 -1 0 0 0 -1 0 3794a.dat
1 28 -7.557983 -7.736282 469.759766 0 0 -1 1 0 0 0 -1 0 60481.dat
1 28 -7.557983 -7.736313 478.759583 0 0 1 -1 0 0 0 -1 0 32474.dat
1 28 252.414185 -6.262466 -245.405701 0.866025 -0.5 0 0 0 -1 0.5 0.866025 0 3068b.dat
1 28 -7.585693 -6.262421 181.636276 0 0 0.999999 0.999999 0 0 0 0.999999 0 3937.dat
1 28 -15.008545 -6.779022 184.136932 0 0.707106 0.707106 0.999999 0 0 0 0.707106 -0.707106 3938.dat
1 28 -20.665405 -6.779022 178.480103 0 0.707106 0.707106 0.999999 0 0 0 0.707106 -0.707106 3794a.dat
1 28 -37.635925 -5.779015 161.509567 0 0.707107 0.707107 1 0 0 0 0.707107 -0.707107 3062b.dat
1 28 -58.142029 -5.779015 141.00351 0 0.707107 0.707107 1 0 0 0 0.707107 -0.707107 3062b.dat
1 28 -78.648132 -5.779022 120.497437 0 0.707107 0.707107 1 0 0 0 0.707107 -0.707107 3062b.dat
1 28 -81.476501 -5.778992 117.668968 0 0.707107 0.707107 1 0 0 0 0.707107 -0.707107 30374.dat
1 28 22.414276 -5.262451 253.636353 0 1 0 0 0 -1 -1 0 0 3961.dat
1 28 92.414246 -5.262451 253.636353 0 1 0 0 0 -1 -1 0 0 3741.dat
1 28 70.414276 -5.262482 253.636353 0 -0.999999 0 0 0 -1 1 0 0 64644.dat
1 28 108.414291 -5.262451 253.636368 0 1 0 0 0 -1 -1 0 0 4740.dat
1 28 -1.585754 -5.262451 253.636353 0 1 0 0 0 -1 -1 0 0 3941.dat
1 28 50.414307 -5.262482 253.636353 0 -1 0 0 0 -1 1 0 0 87994.dat
1 28 130.414246 -5.262451 253.636353 0 -1 0 0 0 -1 1 0 0 87994.dat
1 28 -9.585693 -5.262451 253.636322 0 1 0 0 0 -1 -1 0 0 4032a.dat
1 28 -48.161438 -34.533569 216.637009 0 0 -1 -0.866025 0.5 0 0.5 0.866025 0 4276b.dat
1 28 -48.161438 -62.773438 265.899658 0 0 1 0 0.999999 0 -0.999999 0 0 4275b.dat
1 28 -48.161407 18.020996 209.796204 0 0 -1 -0.866025 -0.5 0 -0.5 0.866025 0 4276b.dat
1 28 -48.161377 -38.761658 209.971054 0 0 1 0.866025 0.5 0 -0.5 0.866025 0 4275b.dat
1 28 -48.161377 50.422256 252.158508 0 0 -1 0 -0.999999 0 -0.999999 0 0 4276b.dat
1 28 -48.161377 21.879501 203.070709 0 0 1 0.866025 -0.5 0 0.5 0.866025 0 4275b.dat
1 28 -48.161377 30.069321 301.092468 0 0 -1 0.866025 -0.5 0 -0.5 -0.866025 0 4276b.dat
1 28 -48.161377 58.309204 251.829773 0 0 1 0 -0.999999 0 0.999999 0 0 4275b.dat
1 28 -48.161377 -22.794678 308.31485 0 0 -1 0.866025 0.5 0 0.5 -0.866025 0 4276b.dat
1 28 -48.161377 33.987961 308.139954 0 0 1 -0.866025 -0.5 0 0.5 -0.866025 0 4275b.dat
1 28 -48.161438 -54.996307 266.221741 0 0 -1 0 0.999999 0 0.999999 0 0 4276b.dat
1 28 -48.161377 -26.453583 315.309448 0 0 1 -0.866025 0.5 0 -0.5 -0.866025 0 4275b.dat
1 28 -28.161377 -34.533569 216.637009 0 0 -1 -0.866025 0.5 0 0.5 0.866025 0 4276b.dat
1 28 -28.161407 -62.773438 265.899658 0 0 1 0 0.999999 0 -0.999999 0 0 4275b.dat
1 28 -28.161407 18.020996 209.796204 0 0 -1 -0.866025 -0.5 0 -0.5 0.866025 0 4276b.dat
1 28 -28.161407 -38.761658 209.971054 0 0 1 0.866025 0.5 0 -0.5 0.866025 0 4275b.dat
1 28 -28.161407 50.422256 252.158508 0 0 -1 0 -0.999999 0 -0.999999 0 0 4276b.dat
1 28 -28.161438 21.879517 203.07074 0 0 1 0.866025 -0.5 0 0.5 0.866025 0 4275b.dat
1 28 -28.161377 30.069321 301.092438 0 0 -1 0.866025 -0.5 0 -0.5 -0.866025 0 4276b.dat
1 28 -28.161438 58.309204 251.829773 0 0 1 0 -0.999999 0 0.999999 0 0 4275b.dat
1 28 -28.161407 -22.794678 308.31488 0 0 -1 0.866025 0.5 0 0.5 -0.866025 0 4276b.dat
1 28 -28.161407 33.987961 308.140015 0 0 1 -0.866025 -0.5 0 0.5 -0.866025 0 4275b.dat
1 28 -28.161407 -54.996307 266.221741 0 0 -1 0 0.999999 0 0.999999 0 0 4276b.dat
1 28 -28.161438 -26.453583 315.309448 0 0 1 -0.866025 0.5 0 -0.5 -0.866025 0 4275b.dat
1 28 -38.161377 -70.773376 265.899719 0 0 1 0 0.999999 0 -0.999999 0 0 3068bp07.dat
1 28 -38.161377 66.226425 251.899612 0 0 1 0 -0.999999 0 0.999999 0 0 3068bp17.dat
1 28 -38.161377 -30.773483 321.899658 0 0 1 -0.866025 0.5 0 -0.5 -0.866025 0 3068bp61.dat
1 28 -38.161438 38.226547 314.899567 0 0 1 -0.866025 -0.499999 0 0.499999 -0.866025 0 3068bp07.dat
1 28 -18.161377 -46.773438 265.899658 -0.999999 0 0 0 0.999999 0 0 0 -0.999999 3020.dat
1 28 -38.161407 25.226509 195.899719 0 0 1 0.866024 -0.5 0 0.5 0.866024 0 3068bp07.dat
1 28 -38.161377 -42.77343 202.899719 0 0 1 0.866024 0.499999 0 -0.499999 0.866024 0 3068bp07.dat
1 28 -58.337769 -32.794662 240.018539 0 0.999999 0 -0.866025 0 0.5 0.5 0 0.866025 42446.dat
1 28 -137.337799 -32.526764 240.339111 0 0.999999 0 -0.866025 0 0.5 0.5 0 0.866025 30374.dat
1 28 -61.337799 -32.526764 240.339111 1 0 0 0 0 0.999999 0 -0.999999 0 4274.dat
1 28 -58.337738 -11.798904 290.132141 0 0.999999 0 0.866025 0 0.5 0.5 0 -0.866025 42446.dat
1 28 -137.33783 -11.65535 289.73996 0 0.999999 0 0.866025 0 0.5 0.5 0 -0.866025 30374.dat
1 28 -61.337738 -11.65535 289.739899 1 0 0 0 -0.866025 -0.5 0 0.5 -0.866025 4274.dat
1 28 -58.337738 29.131104 253.991608 0 0.999999 0 0 0 -0.999999 -0.999999 0 0 42446.dat
1 28 -137.33783 28.719589 254.063553 0 0.999999 0 0 0 -0.999999 -0.999999 0 0 30374.dat
1 28 -61.33783 28.719589 254.063538 1 0 0 0 0.866025 -0.5 0 0.5 0.866025 4274.dat
1 28 -137.33783 -11.65535 289.73996 0 0.999999 0 0.5 0 0.866025 0.866025 0 -0.5 2335.dat
1 28 -69.585663 -17.262482 225.636353 1 0 0 0 -0.5 0.866025 0 -0.866025 -0.5 57274.dat
1 28 -69.585663 18.737549 228.636322 1 0 0 0 0.5 0.866025 0 -0.866025 0.5 57274.dat
1 28 -48.161407 -21.533539 218.637024 0 0 1 0.866025 0.5 0 -0.5 0.866025 0 4085c.dat
1 28 -48.161377 22.466446 221.637024 0 0 1 0.866025 -0.5 0 0.5 0.866025 0 4085c.dat
1 28 -8.161438 -38.773468 265.899658 -0.999999 0 0 0 0.999999 0 0 0 -0.999999 3021.dat
1 28 -25.585724 -7.262466 254.636383 0 1 0 0 0 -1 -1 0 0 30106.dat