0 untitled model
0 Name: 
0 Author: Anthony Evans
1 15 305.920197 -26.044853 -477.249084 -0 0.866025 -0.499999 0.866025 0.25 0.433013 0.499999 -0.433012 -0.75 3961.dat
1 0 243.566422 -44.044754 -446.072205 -0 0.866025 -0.499999 0.866025 0.25 0.433013 0.499999 -0.433012 -0.75 87994.dat
1 308 382.130432 -4.044846 -515.354126 -0 0.866025 -0.499999 0.866025 0.25 0.433013 0.499999 -0.433012 -0.75 87994.dat
1 15 500.775909 30.205231 -574.677002 -0 0.866025 -0.499999 0.866025 0.25 0.433013 0.499999 -0.433012 -0.75 4740.dat
1 15 473.06311 22.205048 -560.820496 -0 0.866025 -0.499999 0.866025 0.25 0.433013 0.499999 -0.433012 -0.75 3741.dat
1 0 208.925415 -54.044876 -428.751678 -0 0.866025 -0.499999 0.866025 0.25 0.433013 0.499999 -0.433012 -0.75 3941.dat
1 0 188.140808 -60.044769 -418.359375 -0 0.866025 -0.499999 0.866025 0.25 0.433013 0.499999 -0.433012 -0.75 4032a.dat
1 7 368.274048 -8.044846 -508.425934 -0 -0.866025 0.499999 0.866025 -0.25 -0.433013 0.499999 0.433012 0.75 64644.dat
1 8 146.571625 -63.384636 -392.574768 -0.499999 0.866025 0 0.433013 0.25 -0.866025 -0.75 -0.433012 -0.499999 44728.dat
1 8 146.571625 -80.705032 -402.574738 0.499999 0.866025 -0 -0.433012 0.25 0.866025 0.749998 -0.433012 0.499999 44728.dat
1 8 93.074158 -81.714722 -380.82605 0 0.866025 0.499999 -0.866025 0.25 -0.433012 -0.499999 -0.433012 0.749998 44728.dat
1 8 103.074127 -90.374977 -365.826111 0 0.866025 0.499999 -0.866025 0.25 -0.433012 -0.499999 -0.433012 0.749998 3023.dat
1 8 106.538269 14.54808 -307.558167 0.866024 0 -0.499999 0.249999 -0.866025 0.433012 -0.433012 -0.499999 -0.749998 2877.dat
1 8 96.538269 23.208344 -322.558167 -0.866024 0 0.499999 -0.249999 -0.866025 -0.433012 0.433012 -0.499999 0.749998 2877.dat
1 8 110.198547 62.947342 -295.388184 -0.499999 0 -0.866024 0.433012 -0.866025 -0.249999 -0.749998 -0.499999 0.433012 3937.dat
1 8 84.217789 55.447388 -282.397919 0.499999 0 0.866024 -0.433012 -0.866025 0.249999 0.749998 -0.499999 -0.433012 3937.dat
1 8 80.245392 67.570709 -272.750305 -0.499999 0.433011 -0.749999 0.433012 -0.624999 -0.649517 -0.749998 -0.649517 0.125 3938.dat
1 8 114.315193 77.766876 -289.576721 -0.499999 -0.433012 -0.749999 0.433012 -0.874999 0.216507 -0.749998 -0.216506 0.625 6134.dat
1 8 101.091125 -293.151886 -495.058411 -0.866025 -0 -0.499999 -0.25 0.866025 0.433013 0.433012 0.499999 -0.75 2580c01.dat
1 8 -13.777039 -117.178833 -319.400391 0 0.866025 0.499999 -0.866025 0.25 -0.433012 -0.499999 -0.433012 0.749998 30106.dat
1 8 167.694382 201.019775 -254.150543 0.749999 -0.433012 -0.499999 -0.216507 -0.874999 0.433013 -0.625 -0.216506 -0.75 2580c01.dat
1 8 228.316101 322.376129 -224.499878 0.749999 -0.433012 -0.499999 -0.216507 -0.874999 0.433013 -0.625 -0.216506 -0.75 2580c01.dat
1 8 288.937866 443.732544 -194.849274 0.749999 -0.433012 -0.499999 -0.216507 -0.874999 0.433013 -0.625 -0.216506 -0.75 2580c01.dat
1 8 349.559418 565.088745 -165.198654 0.749999 -0.433012 -0.499999 -0.216507 -0.874999 0.433013 -0.625 -0.216506 -0.75 2580c01.dat
1 8 361.683899 588.445068 -159.796692 0.749999 -0.433012 -0.499999 -0.216507 -0.874999 0.433013 -0.625 -0.216506 -0.75 3068bp07.dat
1 8 48.771851 109.896408 -227.478882 0.75 0.433013 -0.499999 0.649519 -0.624999 0.433013 -0.125 -0.649518 -0.75 3062b.dat
1 8 27.55423 139.377777 -196.312744 0.75 0.433013 -0.499999 0.649519 -0.624999 0.433013 -0.125 -0.649518 -0.75 3062b.dat
1 8 -38.696747 235.069366 -96.897873 0.75 0.433013 -0.499999 0.649519 -0.624999 0.433013 -0.125 -0.649518 -0.75 30374.dat
1 8 6.336639 168.859192 -165.146576 0.75 0.433013 -0.499999 0.649519 -0.624999 0.433013 -0.125 -0.649518 -0.75 3062b.dat
1 8 68.121078 83.927032 -255.223953 -0.499999 0.433011 -0.749999 0.433012 -0.624999 -0.649517 -0.749998 -0.649517 0.125 3794a.dat
1 8 109.75145 -311.436401 -511.388611 -0.499999 -0 0.866025 0.433013 0.866025 0.25 -0.75 0.499999 -0.433012 3794a.dat
1 8 92.430908 -316.43634 -502.728394 -0.499999 -0 0.866025 0.433013 0.866025 0.25 -0.75 0.499999 -0.433012 3794a.dat
1 8 101.091095 -334.7211 -519.058472 0.866025 -0 0.499999 0.25 0.866025 -0.433013 -0.433012 0.499999 0.75 3794a.dat
1 8 101.091202 -445.572205 -583.058411 0.866025 -0 0.499999 0.25 0.866025 -0.433013 -0.433012 0.499999 0.75 6541.dat
1 8 101.091187 -355.505585 -531.058472 0.866025 -0 0.499999 0.25 0.866025 -0.433013 -0.433012 0.499999 0.75 3024.dat
1 8 101.091187 -466.356842 -595.058411 0.866025 -0 0.499999 0.25 0.866025 -0.433013 -0.433012 0.499999 0.75 30039.dat
1 7 88.091156 -377.156219 -569.55835 0.866025 -0.499999 -0 0.25 0.433013 0.866025 -0.433012 -0.75 0.499999 43898.dat
1 7 114.091125 -399.67276 -530.558411 0.866025 0.499999 0 0.25 -0.433012 -0.866025 -0.433012 0.749998 -0.499999 43898.dat
1 8 -89.274506 -107.796143 -335.651703 0 0.499999 -0.866024 -0.866025 -0.433013 -0.249999 -0.499999 0.75 0.433012 4276a.dat
1 8 -75.127411 -162.63031 -339.016144 -0.433013 0.249999 0.866024 0.808012 0.533493 0.249999 -0.399518 0.808012 -0.433012 4275a.dat
1 8 -303.800171 -142.01152 -276.389038 0 0.499999 -0.866024 -0.866025 -0.433013 -0.249999 -0.499999 0.75 0.433012 4276a.dat
1 8 -289.652954 -224.558472 -295.753204 -0.433013 0.249999 0.866024 0.808012 0.533493 0.249999 -0.399518 0.808012 -0.433012 4275a.dat
1 8 -315.800049 -131.619247 -294.388977 -0 0.499999 0.866024 0.866025 -0.433013 0.249999 0.499999 0.75 -0.433012 4275a.dat
1 8 -93.274475 -104.331993 -341.651733 -0 0.499999 0.866024 0.866025 -0.433013 0.249999 0.499999 0.75 -0.433012 4275a.dat
1 8 -293.769043 -73.421478 -216.726303 -0.433012 0.25 -0.866024 -0.058013 -0.966506 -0.249999 -0.899518 -0.058013 0.433012 4276a.dat
1 8 -79.243439 -73.847168 -295.989197 -0.433012 0.25 -0.866024 -0.058013 -0.966506 -0.249999 -0.899518 -0.058013 0.433012 4276a.dat
1 8 -48.525208 -106.759064 -253.554398 -0.433013 -0.249999 -0.866024 0.808012 -0.533493 -0.249999 -0.399518 -0.808012 0.433012 4276a.dat
1 8 -77.389923 -81.69091 -296.810699 0.433012 0.25 0.866024 0.058013 -0.966506 0.249999 0.899518 -0.058013 -0.433012 4275a.dat
1 8 -214.050812 -155.696869 -104.791611 -0.433013 -0.249999 -0.866024 0.808012 -0.533493 -0.249999 -0.399518 -0.808012 0.433012 4276a.dat
1 8 -291.915527 -88.193497 -221.548004 0.433012 0.25 0.866024 0.058013 -0.966506 0.249999 0.899518 -0.058013 -0.433012 4275a.dat
1 8 -212.050751 -144.500671 -94.327591 0.433013 -0.249999 0.866024 -0.808012 -0.533493 0.249999 0.399518 -0.808012 -0.433012 4275a.dat
1 8 -46.525238 -102.491035 -247.090256 0.433013 -0.249999 0.866024 -0.808012 -0.533493 0.249999 0.399518 -0.808012 -0.433012 4275a.dat
1 8 -193.74823 -237.356903 -111.332962 -0 -0.499999 -0.866024 0.866025 0.433012 -0.249999 0.499999 -0.749998 0.433012 4276a.dat
1 8 -32.222656 -157.242188 -250.095764 -0 -0.499999 -0.866024 0.866025 0.433012 -0.249999 0.499999 -0.749998 0.433012 4276a.dat
1 8 -50.520874 -183.716019 -301.976868 0.433012 -0.25 -0.866024 0.058013 0.966506 -0.249999 0.899518 0.058013 0.433012 4276a.dat
1 8 -36.303223 -153.517029 -256.106232 0 -0.499999 0.866024 -0.866025 0.433012 0.249999 -0.499999 -0.749998 -0.433012 4275a.dat
1 8 -216.046356 -281.151306 -181.214081 0.433012 -0.25 -0.866024 0.058013 0.966506 -0.249999 0.899518 0.058013 0.433012 4276a.dat
1 8 -201.828857 -230.167587 -123.34343 0 -0.499999 0.866024 -0.866025 0.433012 0.249999 -0.499999 -0.749998 -0.433012 4275a.dat
1 8 -214.046509 -295.811493 -185.678268 -0.433012 -0.25 0.866024 -0.058013 0.966506 0.249999 -0.899518 0.058013 -0.433012 4275a.dat
1 8 -48.520813 -191.448059 -302.440918 -0.433012 -0.25 0.866024 -0.058013 0.966506 0.249999 -0.899518 0.058013 -0.433012 4275a.dat
1 8 -291.380066 -236.038223 -305.835297 0.433013 0.249999 -0.866024 -0.808012 0.533493 -0.249999 0.399518 0.808012 0.433012 4276a.dat
1 8 -76.854492 -167.181808 -345.098083 0.433013 0.249999 -0.866024 -0.808012 0.533493 -0.249999 0.399518 0.808012 0.433012 4276a.dat
1 8 52.629333 -80.688477 -382.603577 0 0.499999 -0.866024 -0.866025 -0.433013 -0.249999 -0.499999 0.75 0.433012 3022.dat
1 8 -185.19754 -144.724319 -271.690125 0 0.499999 -0.866024 -0.866025 -0.433013 -0.249999 -0.499999 0.75 0.433012 3022.dat
1 8 -132.039856 -124.760269 -306.269073 0.866024 0.499999 0 0.249999 -0.433013 -0.866025 -0.433012 0.75 -0.499999 3020.dat
1 366 -279.302612 -107.226929 -336.637604 0.866024 0.499999 0 0.249999 -0.433013 -0.866025 -0.433012 0.75 -0.499999 4150ps3.dat
1 8 -295.768982 -58.699112 -212.226303 -0.433012 0.25 -0.866024 -0.058013 -0.966506 -0.249999 -0.899518 -0.058013 0.433012 3069bp53.dat
1 8 -212.046509 -310.533936 -190.178131 -0.433012 -0.25 0.866024 -0.058013 0.966506 0.249999 -0.899518 0.058013 -0.433012 3069bp05.dat
1 8 -46.520844 -199.242249 -302.940887 -0.433012 -0.25 0.866024 -0.058013 0.966506 0.249999 -0.899518 0.058013 -0.433012 3069bp05.dat
1 8 -81.243469 -66.052948 -295.489014 -0.433012 0.249999 -0.866024 -0.058012 -0.966506 -0.249999 -0.899518 -0.058013 0.433012 3069b.dat
1 8 -2.671967 -82.796135 -378.953003 0 0.499999 -0.866024 -0.866025 -0.433013 -0.249999 -0.499999 0.75 0.433012 3068b.dat
1 8 -177.088013 -241.78511 -103.663055 -0 -0.499999 -0.866024 0.866025 0.433012 -0.249999 0.499999 -0.749998 0.433012 3068bp07.dat
1 8 -284.719849 -244.796661 -320.665466 0.433013 0.249999 -0.866024 -0.808012 0.533493 -0.249999 0.399518 0.808012 0.433012 3068bps0.dat
1 8 -46.274475 -102.600021 -246.651733 -0.866024 -0.249999 0.433013 -0.249999 -0.533493 -0.808012 0.433012 -0.808012 0.399518 61409.dat
1 8 -211.800079 -137.681458 -89.888969 -0.866024 -0.249999 0.433013 -0.249999 -0.533493 -0.808012 0.433012 -0.808012 0.399518 61409.dat
1 8 -361.556641 -97.327499 -273.727509 0.433012 0.25 0.866024 0.058013 -0.966506 0.249999 0.899518 -0.058013 -0.433012 4085c.dat
1 8 -197.256622 -260.903015 -50.958694 0 -0.499999 0.866024 -0.866025 0.433012 0.249999 -0.499999 -0.749998 -0.433012 4085c.dat
1 7 -218.608276 -262.442993 -48.363045 -0 0.499999 0.866024 0.866025 -0.433012 0.249999 0.499999 0.749998 -0.433012 57274.dat
1 7 -376.876953 -110.121681 -265.56723 -0.433012 -0.25 0.866024 -0.058013 0.966506 0.249999 -0.899518 0.058013 -0.433012 57274.dat
1 8 -411.441162 -97.451935 -373.56842 -0 0.499999 0.866024 0.866025 -0.433012 0.249999 0.499999 0.749998 -0.433012 4081a.dat
1 7 -428.806641 -89.48217 -355.372589 0.707106 0.707106 -0 -0.353553 0.353553 0.866025 0.612371 -0.612372 0.499999 87618.dat
1 8 -273.971191 -296.208282 -214.009186 -0.433012 -0.25 0.866024 -0.058013 0.966506 0.249999 -0.899518 0.058013 -0.433012 4081a.dat
1 7 -298.719849 -300.20343 -219.625198 -0.017337 0.901219 -0.433012 0.998276 -0.008669 -0.058013 -0.056036 -0.433273 -0.899518 87618.dat
1 8 -216.117432 -223.334991 -55.599758 0.433013 -0.249999 0.866024 -0.808012 -0.533493 0.249999 0.399518 -0.808012 -0.433012 4081a.dat
1 7 -227.009796 -242.330124 -42.163216 -0.017337 0.90122 0.433013 -0.45061 0.37956 -0.808012 -0.892551 -0.209129 0.399518 87618.dat
1 7 -472.647339 -111.402481 -317.405487 -0.499999 0.707106 0.5 -0.362373 0.353553 -0.862371 -0.786565 -0.612372 0.079459 2335.dat