0 untitled model
0 Name: 
0 Author: Anthony Evans
1 15 -45.479034 142.569 -232.43959 0.522207 -0.531077 -0.667275 -0.840982 -0.450588 -0.299531 -0.141592 0.717584 -0.681926 3961.dat
1 0 -28.484497 156.987823 -255.402298 0.522207 -0.531077 -0.667275 -0.840982 -0.450588 -0.299531 -0.141592 0.717584 -0.681926 87994.dat
1 308 -70.970642 120.940804 -197.995575 0.522207 -0.531077 -0.667275 -0.840982 -0.450588 -0.299531 -0.141592 0.717584 -0.681926 87994.dat
1 15 -88.496185 106.071388 -174.315277 0.522207 -0.531077 -0.667275 -0.840982 -0.450588 -0.299531 -0.141592 0.717584 -0.681926 4740.dat
1 15 -79.999023 113.280792 -185.796661 0.522207 -0.531077 -0.667275 -0.840982 -0.450588 -0.299531 -0.141592 0.717584 -0.681926 3741.dat
1 0 -32.733109 153.383133 -249.661652 0.522207 -0.531077 -0.667275 -0.840982 -0.450588 -0.299531 -0.141592 0.717584 -0.681926 3941.dat
1 0 -28.484497 156.987823 -255.402298 0.522207 -0.531077 -0.667275 -0.840982 -0.450588 -0.299531 -0.141592 0.717584 -0.681926 4032a.dat
1 7 -70.970642 120.940804 -197.995575 0.522207 0.531077 0.667275 -0.840982 0.450588 0.299531 -0.141592 -0.717584 0.681926 64644.dat
1 8 -19.013779 152.182648 -262.558868 -0.667275 -0.531077 -0.522207 -0.299531 -0.450588 0.840982 -0.681926 0.717584 0.141592 44728.dat
1 8 -29.458008 169.002457 -259.72699 0.667275 -0.531077 0.522207 0.299531 -0.450588 -0.840981 0.681926 0.717584 -0.141592 44728.dat
1 8 -26.660049 161.201965 -273.702881 -0.522207 -0.531077 0.667275 0.840981 -0.450588 0.299531 0.141592 0.717584 0.681926 44728.dat
1 8 -13.314529 167.192596 -260.064331 -0.522207 -0.531077 0.667275 0.840981 -0.450588 0.299531 0.141592 0.717584 0.681926 3023.dat
1 8 -3.118729 114.208992 -246.768463 -0.531076 -0.522207 -0.667275 -0.450588 0.840981 -0.299531 0.717584 0.141592 -0.681926 2877.dat
1 8 -16.464188 108.218414 -260.406952 0.531076 -0.522207 0.667275 0.450588 0.840981 0.299531 -0.717584 0.141592 0.681926 2877.dat
1 8 -2.56929 86.524216 -249.810074 -0.667275 -0.522207 0.531076 -0.299531 0.840981 0.450588 -0.681926 0.141592 -0.717584 3937.dat
1 8 8.052246 95.535995 -264.161713 0.667275 -0.522207 -0.531076 0.299531 0.840981 -0.450588 0.681926 0.141592 0.717584 3937.dat
1 8 10.134705 98.172165 -267.3573 -0.667275 -0.717782 0.198822 -0.299531 0.503017 0.81071 -0.681926 0.481414 -0.550649 3938.dat
1 8 -5.229645 84.601189 -246.362152 -0.667275 -0.186706 0.721029 -0.299531 0.953605 -0.030271 -0.681926 -0.23617 -0.692242 6134.dat
1 8 -110.007202 273.042908 -226.770172 0.531077 0.522207 -0.667275 0.450588 -0.840982 -0.299531 -0.717584 -0.141592 -0.681926 2580c01.dat
1 8 -17.073181 167.202911 -273.988129 -0.522207 -0.531077 0.667275 0.840981 -0.450588 0.299531 0.141592 0.717584 0.681926 30106.dat
1 8 23.874176 -29.935196 -224.694122 -0.721029 -0.186706 -0.667275 0.030271 0.953605 -0.299531 0.692242 -0.23617 -0.681926 2580c01.dat
1 8 46.279007 -144.367844 -196.353775 -0.721029 -0.186706 -0.667275 0.030271 0.953605 -0.299531 0.692242 -0.23617 -0.681926 2580c01.dat
1 8 68.683853 -258.800476 -168.013336 -0.721029 -0.186706 -0.667275 0.030271 0.953605 -0.299531 0.692242 -0.23617 -0.681926 2580c01.dat
1 8 91.088486 -373.233276 -139.672974 -0.721029 -0.186706 -0.667275 0.030271 0.953605 -0.299531 0.692242 -0.23617 -0.681926 2580c01.dat
1 8 92.581909 -380.861816 -137.783554 -0.721029 -0.186706 -0.667275 0.030271 0.953605 -0.299531 0.692242 -0.23617 -0.681926 3068bp07.dat
1 8 32.957275 82.522842 -282.978394 -0.198822 -0.717783 -0.667275 -0.810711 0.503017 -0.299531 0.55065 0.481414 -0.681926 3062b.dat
1 8 53.77301 67.935326 -296.939392 -0.198822 -0.717783 -0.667275 -0.810711 0.503017 -0.299531 0.55065 0.481414 -0.681926 3062b.dat
1 8 77.459869 51.335735 -312.82605 -0.198822 -0.717783 -0.667275 -0.810711 0.503017 -0.299531 0.55065 0.481414 -0.681926 30374.dat
1 8 74.588745 53.347786 -310.900391 -0.198822 -0.717783 -0.667275 -0.810711 0.503017 -0.299531 0.55065 0.481414 -0.681926 3062b.dat
1 8 15.876892 94.148056 -271.208588 -0.667275 -0.717782 0.198822 -0.299531 0.503017 0.81071 -0.681926 0.481414 -0.550649 3794a.dat
1 8 -119.495483 275.264771 -218.461578 -0.667275 0.522207 -0.531077 -0.299531 -0.840982 -0.450588 -0.681926 -0.141592 0.717584 3794a.dat
1 8 -108.873932 284.27655 -232.813263 -0.667275 0.522207 -0.531077 -0.299531 -0.840982 -0.450588 -0.681926 -0.141592 0.717584 3794a.dat
1 8 -118.362366 286.498535 -224.50473 -0.531077 0.522207 0.667275 -0.450588 -0.840982 0.299531 0.717584 -0.141592 0.681926 3794a.dat
1 8 -135.073059 313.409973 -219.973648 -0.531077 0.522207 0.667275 -0.450588 -0.840982 0.299531 0.717584 -0.141592 0.681926 6541.dat
1 8 -122.540039 293.226501 -223.371933 -0.531077 0.522207 0.667275 -0.450588 -0.840982 0.299531 0.717584 -0.141592 0.681926 3024.dat
1 8 -139.250793 320.137939 -218.841034 -0.531077 0.522207 0.667275 -0.450588 -0.840982 0.299531 0.717584 -0.141592 0.681926 30039.dat
1 7 -136.523712 302.004883 -228.208832 -0.531077 -0.667275 0.522207 -0.450588 -0.299531 -0.840981 0.717584 -0.681926 -0.141592 43898.dat
1 7 -123.178406 307.995605 -214.570435 -0.531077 0.667275 -0.522207 -0.450588 0.299531 0.840981 0.717584 0.681926 0.141592 43898.dat
1 8 -52.044006 151.929352 -312.247498 -0.522207 0.667275 0.531076 0.840981 0.299531 0.450588 0.141592 0.681926 -0.717584 4276a.dat
1 8 -58.840759 201.755325 -285.990723 -0.316774 0.785882 -0.531076 -0.679893 -0.578546 -0.450588 -0.661361 0.218341 0.717584 4275a.dat
1 8 -41.422424 160.941132 -326.599091 -0.522207 0.667275 0.531076 0.840981 0.299531 0.450588 0.141592 0.681926 -0.717584 4276a.dat
1 8 -48.219208 210.767044 -300.342438 -0.316774 0.785882 -0.531076 -0.679893 -0.578546 -0.450588 -0.661361 0.218341 0.717584 4275a.dat
1 8 -46.760498 158.544907 -332.054352 0.522207 0.667275 -0.531076 -0.840981 0.299531 -0.450588 -0.141592 0.681926 0.717584 4275a.dat
1 8 -57.38208 149.533127 -317.702728 0.522207 0.667275 -0.531076 -0.840981 0.299531 -0.450588 -0.141592 0.681926 0.717584 4275a.dat
1 8 -2.326035 125.547104 -319.888885 -0.838981 -0.118607 0.531076 0.161089 0.878077 0.450588 -0.519769 0.463585 -0.717584 4276a.dat
1 8 -12.947556 116.535316 -305.537231 -0.838981 -0.118607 0.531076 0.161089 0.878077 0.450588 -0.519769 0.463585 -0.717584 4276a.dat
1 8 24.24295 141.064209 -262.610718 -0.316774 -0.785882 0.531076 -0.679893 0.578546 0.450588 -0.661361 -0.218341 -0.717584 4276a.dat
1 8 -14.235809 123.703903 -301.98938 0.838981 -0.118607 -0.531076 -0.161089 0.878077 -0.450588 0.519769 0.463585 0.717584 4275a.dat
1 8 34.864548 150.075974 -276.962402 -0.316774 -0.785882 0.531076 -0.679893 0.578546 0.450588 -0.661361 -0.218341 -0.717584 4276a.dat
1 8 -3.614426 132.715744 -316.341187 0.838981 -0.118607 -0.531076 -0.161089 0.878077 -0.450588 0.519769 0.463585 0.717584 4275a.dat
1 8 41.151642 145.447617 -275.215607 0.316774 -0.785882 -0.531076 0.679893 0.578546 -0.450588 0.661361 -0.218341 0.717584 4275a.dat
1 8 30.530045 136.435913 -260.863953 0.316774 -0.785882 -0.531076 0.679893 0.578546 -0.450588 0.661361 -0.218341 0.717584 4275a.dat
1 8 34.693451 195.155411 -248.782547 0.522207 -0.667275 0.531076 -0.840981 -0.299531 0.450588 -0.141592 -0.681926 -0.717584 4276a.dat
1 8 24.07193 186.143646 -234.430878 0.522207 -0.667275 0.531076 -0.840981 -0.299531 0.450588 -0.141592 -0.681926 -0.717584 4276a.dat
1 8 -25.867004 216.278671 -252.467697 0.838981 0.118607 0.531076 -0.161089 -0.878077 0.450588 0.519769 -0.463585 -0.717584 4276a.dat
1 8 18.741516 183.513321 -240.027527 -0.522207 -0.667275 -0.531076 0.840981 -0.299531 -0.450588 0.141592 -0.681926 0.717584 4275a.dat
1 8 -15.245514 225.290466 -266.819397 0.838981 0.118607 0.531076 -0.161089 -0.878077 0.450588 0.519769 -0.463585 -0.717584 4276a.dat
1 8 29.363129 192.525116 -254.379135 -0.522207 -0.667275 -0.531076 0.840981 -0.299531 -0.450588 0.141592 -0.681926 0.717584 4275a.dat
1 8 -16.194183 232.314957 -263.110687 -0.838981 0.118607 -0.531076 0.161089 -0.878077 -0.450588 -0.519769 -0.463585 0.717584 4275a.dat
1 8 -26.815826 223.303268 -248.758987 -0.838981 0.118607 -0.531076 0.161089 -0.878077 -0.450588 -0.519769 -0.463585 0.717584 4275a.dat
1 8 -54.170654 215.604919 -301.709198 0.316774 0.785882 0.531076 0.679893 -0.578546 0.450588 0.661361 0.218341 -0.717584 4276a.dat
1 8 -64.792236 206.593185 -287.357513 0.316774 0.785882 0.531076 0.679893 -0.578546 0.450588 0.661361 0.218341 -0.717584 4276a.dat
1 8 -51.961639 145.600479 -274.353607 -0.522207 0.667275 0.531076 0.840981 0.299531 0.450588 0.141592 0.681926 -0.717584 3022.dat
1 8 -57.299744 143.204269 -279.80899 -0.522207 0.667275 0.531076 0.840981 0.299531 0.450588 0.141592 0.681926 -0.717584 3022.dat
1 8 -52.016541 149.819733 -299.616058 -0.531076 0.667275 -0.522207 -0.450588 0.299531 0.840981 0.717584 0.681926 0.141592 3020.dat
1 322 -57.409546 151.642807 -330.333984 -0.531076 0.667275 -0.522207 -0.450588 0.299531 0.840981 0.717584 0.681926 0.141592 4150ps3.dat
1 8 -1.339691 118.462173 -323.607849 -0.838981 -0.118607 0.531076 0.161089 0.878077 0.450588 -0.519769 0.463585 -0.717584 3069bp53.dat
1 8 -17.180756 239.40007 -259.391907 -0.838981 0.118607 -0.531076 0.161089 -0.878077 -0.450588 -0.519769 -0.463585 0.717584 3069bp05.dat
1 8 -27.802155 230.388184 -245.040146 -0.838981 0.118607 -0.531076 0.161089 -0.878077 -0.450588 -0.519769 -0.463585 0.717584 3069bp05.dat
1 8 -11.961227 109.450348 -309.256134 -0.83898 -0.118607 0.531076 0.161088 0.878077 0.450588 -0.51977 0.463585 -0.717584 3069b.dat
1 8 -67.976318 138.411774 -290.71991 -0.522207 0.667275 0.531076 0.840981 0.299531 0.450588 0.141592 0.681926 -0.717584 3068b.dat
1 8 34.720917 193.045731 -236.151291 0.522207 -0.667275 0.531076 -0.840981 -0.299531 0.450588 -0.141592 -0.681926 -0.717584 3068bp07.dat
1 8 -65.805969 215.787735 -296.269928 0.316774 0.785882 0.531076 0.679893 -0.578546 0.450588 0.661361 0.218341 -0.717584 3068bps0.dat
1 8 30.929932 136.480988 -260.539703 0.531076 -0.785882 0.316774 0.450588 0.578546 0.679893 -0.717584 -0.218341 0.661361 61409.dat
1 8 41.551453 145.492783 -274.891418 0.531076 -0.785882 0.316774 0.450588 0.578546 0.679893 -0.717584 -0.218341 0.661361 61409.dat
1 8 3.348511 137.992096 -307.874878 0.838981 -0.118607 -0.531076 -0.161089 0.878077 -0.450588 0.519769 0.463585 0.717584 4085c.dat
1 8 26.327667 179.819321 -257.730438 -0.522207 -0.667275 -0.531076 0.840981 -0.299531 -0.450588 0.141592 -0.681926 0.717584 4085c.dat
1 7 31.550735 186.446274 -277.574982 0.522207 0.667275 -0.531076 -0.840981 0.299531 -0.450588 -0.141592 0.681926 0.717584 57274.dat
1 7 12.983658 154.088791 -318.50769 -0.838981 0.118607 -0.531076 0.161089 -0.878077 -0.450588 -0.519769 -0.463585 0.717584 57274.dat
1 8 -35.968002 174.143448 -314.272217 0.522207 0.667275 -0.531076 -0.840981 0.299531 -0.450588 -0.141592 0.681926 0.717584 4081a.dat
1 7 -15.490021 170.569855 -330.52182 0.507085 -0.685684 0.522207 0.172704 -0.512759 -0.840981 0.844414 0.516637 -0.141592 87618.dat
1 8 -7.898102 217.171661 -266.100372 -0.838981 0.118607 -0.531076 0.161089 -0.878077 -0.450588 -0.519769 -0.463585 0.717584 4081a.dat
1 7 -10.463181 227.00473 -289.695526 -0.022887 -0.543679 -0.838981 -0.964777 -0.207971 0.161089 -0.262064 0.813117 -0.519769 87618.dat
1 8 25.254959 147.89209 -285.445587 0.316774 -0.785882 -0.531076 0.679893 0.578546 -0.450588 0.661361 -0.218341 0.717584 4081a.dat
1 7 39.373169 168.939255 -289.652161 -0.896555 -0.309579 0.316774 0.442211 -0.584973 0.679893 -0.025176 0.749643 0.661361 87618.dat
1 7 27.022507 202.360947 -362.553406 -0.727819 -0.685684 -0.010693 0.472543 -0.512759 0.716784 -0.496971 0.516637 0.697212 2335.dat