0 untitled model
0 Name: 
0 Author: Anthony Evans
1 15 9.866531 -145.643311 -66.539963 0.224144 0.836516 -0.5 0.966506 -0.125 0.224144 0.125 -0.533494 -0.836516 3961.dat
1 0 -16.902008 -141.643311 -49.46817 0.224144 0.836516 -0.5 0.966506 -0.125 0.224144 0.125 -0.533494 -0.836516 87994.dat
1 308 50.01931 -151.64328 -92.147675 0.224144 0.836516 -0.5 0.966506 -0.125 0.224144 0.125 -0.533494 -0.836516 87994.dat
1 15 77.624382 -155.768295 -109.752945 0.224144 0.836516 -0.5 0.966506 -0.125 0.224144 0.125 -0.533494 -0.836516 4740.dat
1 15 64.240082 -153.768311 -101.217026 0.224144 0.836516 -0.5 0.966506 -0.125 0.224144 0.125 -0.533494 -0.836516 3741.dat
1 0 -10.209824 -142.643311 -53.736115 0.224144 0.836516 -0.5 0.966506 -0.125 0.224144 0.125 -0.533494 -0.836516 3941.dat
1 0 -16.902008 -141.643311 -49.46817 0.224144 0.836516 -0.5 0.966506 -0.125 0.224144 0.125 -0.533494 -0.836516 4032a.dat
1 7 50.01931 -151.64328 -92.147675 0.224144 -0.836516 0.5 0.966506 0.125 -0.224144 0.125 0.533494 0.836516 64644.dat
1 8 -21.352692 -130.978226 -43.950241 -0.5 0.836516 -0.224144 0.224144 -0.125 -0.966506 -0.836516 -0.533494 -0.125 44728.dat
1 8 -25.835587 -150.308319 -46.450287 0.499999 0.836516 0.224144 -0.224144 -0.125 0.966505 0.836515 -0.533494 0.125 44728.dat
1 8 -35.28627 -137.40184 -49.297485 -0.224144 0.836516 0.499999 -0.966505 -0.125 -0.224144 -0.125 -0.533494 0.836515 44728.dat
1 8 -25.28624 -141.884735 -32.567093 -0.224144 0.836516 0.499999 -0.966505 -0.125 -0.224144 -0.125 -0.533494 0.836515 3023.dat
1 8 8.895126 -98.992462 -41.504913 0.836515 -0.224144 -0.499999 -0.125 -0.966505 0.224144 -0.533493 -0.125 -0.836515 2877.dat
1 8 -1.104889 -94.509552 -58.23526 -0.836515 -0.224144 0.499999 0.125 -0.966505 -0.224144 0.533493 -0.125 0.836515 2877.dat
1 8 17.639732 -74.80481 -52.205048 -0.499999 -0.224144 -0.836515 0.224144 -0.966505 0.125 -0.836515 -0.125 0.533493 3937.dat
1 8 0.909409 -72.30481 -41.535156 0.499999 -0.224144 0.836515 -0.224144 -0.966505 -0.125 0.836515 -0.125 -0.533493 3937.dat
1 8 -3.07933 -72.38591 -39.17276 -0.499999 0.224143 -0.836515 0.224144 -0.899517 -0.374999 -0.836515 -0.374999 0.399518 3938.dat
1 8 21.557816 -75.650482 -54.773529 -0.499999 -0.612372 -0.612372 0.224144 -0.774519 0.591506 -0.836515 0.158494 0.524519 6134.dat
1 8 -39.624939 -282.457275 -73.749817 -0.836516 0.224144 -0.5 0.125 0.966506 0.224144 0.533494 0.125 -0.836516 2580c01.dat
1 8 -37.978378 -138.195007 -38.337372 -0.224144 0.836516 0.499999 -0.966505 -0.125 -0.224144 -0.125 -0.533494 0.836515 30106.dat
1 8 89.060226 22.732529 -68.891785 0.612372 -0.612372 -0.5 -0.591506 -0.774519 0.224144 -0.524519 0.158494 -0.836516 2580c01.dat
1 8 162.544876 115.674805 -87.911026 0.612372 -0.612372 -0.5 -0.591506 -0.774519 0.224144 -0.524519 0.158494 -0.836516 2580c01.dat
1 8 236.029572 208.617065 -106.930267 0.612372 -0.612372 -0.5 -0.591506 -0.774519 0.224144 -0.524519 0.158494 -0.836516 2580c01.dat
1 8 309.51416 301.559082 -125.949432 0.612372 -0.612372 -0.5 -0.591506 -0.774519 0.224144 -0.524519 0.158494 -0.836516 2580c01.dat
1 8 314.413177 307.755402 -127.217407 0.612372 -0.612372 -0.5 -0.591506 -0.774519 0.224144 -0.524519 0.158494 -0.836516 3068bp07.dat
1 8 -10.634995 -43.949459 -27.169601 0.836516 0.224144 -0.5 0.375 -0.899519 0.224144 -0.399519 -0.375 -0.836516 3062b.dat
1 8 -17.135193 -17.863419 -16.294601 0.836516 0.224144 -0.5 0.375 -0.899519 0.224144 -0.399519 -0.375 -0.836516 3062b.dat
1 8 -24.531921 11.820671 -3.919617 0.836516 0.224144 -0.5 0.375 -0.899519 0.224144 -0.399519 -0.375 -0.836516 30374.dat
1 8 -23.635345 8.222626 -5.419601 0.836516 0.224144 -0.5 0.375 -0.899519 0.224144 -0.399519 -0.375 -0.836516 3062b.dat
1 8 -4.872482 -65.189758 -36.172791 -0.499999 0.224143 -0.836515 0.224144 -0.899517 -0.374999 -0.836515 -0.374999 0.399518 3794a.dat
1 8 -33.052933 -291.439392 -80.084747 -0.5 0.224144 0.836516 0.224144 0.966506 -0.125 -0.836516 0.125 -0.533494 3794a.dat
1 8 -49.783287 -288.939392 -69.414886 -0.5 0.224144 0.836516 0.224144 0.966506 -0.125 -0.836516 0.125 -0.533494 3794a.dat
1 8 -43.211197 -297.921417 -75.749786 0.836516 0.224144 0.5 -0.125 0.966506 -0.224144 -0.533494 0.125 0.836516 3794a.dat
1 8 -50.383812 -328.84964 -79.749786 0.836516 0.224144 0.5 -0.125 0.966506 -0.224144 -0.533494 0.125 0.836516 6541.dat
1 8 -45.004387 -305.653442 -76.749832 0.836516 0.224144 0.5 -0.125 0.966506 -0.224144 -0.533494 0.125 0.836516 3024.dat
1 8 -52.176994 -336.581665 -80.749756 0.836516 0.224144 0.5 -0.125 0.966506 -0.224144 -0.533494 0.125 0.836516 30039.dat
1 7 -53.142448 -316.943176 -86.864944 0.836516 -0.5 0.224144 -0.125 0.224144 0.966505 -0.533494 -0.836516 0.125 43898.dat
1 7 -43.142471 -321.426025 -70.134674 0.836516 0.499999 -0.224144 -0.125 -0.224144 -0.966505 -0.533494 0.836515 -0.125 43898.dat
1 8 -66.651421 -125.841248 -82.442276 -0.224144 0.5 -0.836515 -0.966505 -0.224144 0.125 -0.125 0.836516 0.533493 4276a.dat
1 8 -63.525414 -179.706192 -64.919891 -0.320941 0.444114 0.836515 0.677367 0.724947 -0.125 -0.661944 0.526511 -0.533493 4275a.dat
1 8 -83.381767 -123.341232 -71.7724 -0.224144 0.5 -0.836515 -0.966505 -0.224144 0.125 -0.125 0.836516 0.533493 4276a.dat
1 8 -80.25573 -177.206192 -54.250015 -0.320941 0.444114 0.836515 0.677367 0.724947 -0.125 -0.661944 0.526511 -0.533493 4275a.dat
1 8 -87.381798 -121.548111 -78.464539 0.224144 0.5 0.836515 0.966505 -0.224144 -0.125 0.125 0.836516 -0.533493 4275a.dat
1 8 -70.651451 -124.048126 -89.13443 0.224144 0.5 0.836515 0.966505 -0.224144 -0.125 0.125 0.836516 -0.533493 4275a.dat
1 8 -62.315605 -80.254997 -48.83606 -0.545084 0.055886 -0.836515 -0.289139 -0.94909 0.125 -0.786944 0.310005 0.533493 4276a.dat
1 8 -45.585258 -82.754974 -59.50592 -0.545084 0.055886 -0.836515 -0.289139 -0.94909 0.125 -0.786944 0.310005 0.533493 4276a.dat
1 8 -16.499969 -103.566734 -9.024033 -0.320941 -0.444114 -0.836515 0.677367 -0.724947 0.125 -0.661944 -0.526511 0.533493 4276a.dat
1 8 -45.346458 -90.548355 -57.305466 0.545084 0.055886 0.836515 0.289139 -0.94909 -0.125 0.786944 0.310005 -0.533493 4275a.dat
1 8 -33.230316 -101.066696 1.645844 -0.320941 -0.444114 -0.836515 0.677367 -0.724947 0.125 -0.661944 -0.526511 0.533493 4276a.dat
1 8 -62.076805 -88.048386 -46.635605 0.545084 0.055886 0.836515 0.289139 -0.94909 -0.125 0.786944 0.310005 -0.533493 4275a.dat
1 8 -29.677429 -95.267204 5.857933 0.320941 -0.444114 0.836515 -0.677367 -0.724947 -0.125 0.661944 -0.526511 -0.533493 4275a.dat
1 8 -12.947113 -97.767204 -4.811966 0.320941 -0.444114 0.836515 -0.677367 -0.724947 -0.125 0.661944 -0.526511 -0.533493 4275a.dat
1 8 -26.339661 -148.958939 23.671738 0.224144 -0.499999 -0.836515 0.966505 0.224144 0.125 0.125 -0.836515 0.533493 4276a.dat
1 8 -9.609344 -151.458939 13.001869 0.224144 -0.499999 -0.836515 0.966505 0.224144 0.125 0.125 -0.836515 0.533493 4276a.dat
1 8 -38.860886 -190.486801 -23.720047 0.545084 -0.055886 -0.836515 0.289139 0.94909 0.125 0.786944 -0.310005 0.533493 4276a.dat
1 8 -13.640427 -149.416199 6.202477 -0.224144 -0.499999 0.836515 -0.966505 0.224144 -0.125 -0.125 -0.836515 -0.533493 4275a.dat
1 8 -55.591179 -187.986801 -13.050125 0.545084 -0.055886 -0.836515 0.289139 0.94909 0.125 0.786944 -0.310005 0.533493 4276a.dat
1 8 -30.370728 -146.916229 16.872414 -0.224144 -0.499999 0.836515 -0.966505 0.224144 -0.125 -0.125 -0.836515 -0.533493 4275a.dat
1 8 -55.144157 -195.579529 -10.570175 -0.545084 -0.055886 0.836515 -0.289139 0.94909 -0.125 -0.786944 -0.310005 -0.533493 4275a.dat
1 8 -38.413849 -198.079544 -21.240051 -0.545084 -0.055886 0.836515 -0.289139 0.94909 -0.125 -0.786944 -0.310005 -0.533493 4275a.dat
1 8 -83.548027 -183.180969 -58.012421 0.320941 0.444114 -0.836515 -0.677367 0.724947 0.125 0.661944 0.526511 0.533493 4276a.dat
1 8 -66.817711 -185.680954 -68.682297 0.320941 0.444114 -0.836515 -0.677367 0.724947 0.125 0.661944 0.526511 0.533493 4276a.dat
1 8 -29.555893 -134.970673 -78.370636 -0.224144 0.5 -0.836515 -0.966505 -0.224144 0.125 -0.125 0.836516 0.533493 3022.dat
1 8 -33.555908 -133.177551 -85.062775 -0.224144 0.5 -0.836515 -0.966505 -0.224144 0.125 -0.125 0.836516 0.533493 3022.dat
1 8 -54.286278 -128.88443 -81.085052 0.836515 0.5 -0.224144 -0.125 -0.224144 -0.966505 -0.533493 0.836516 -0.125 3020.dat
1 322 -83.016533 -121.004929 -90.491577 0.836515 0.5 -0.224144 -0.125 -0.224144 -0.966505 -0.533493 0.836516 -0.125 4150ps3.dat
1 8 -62.746574 -72.592834 -51.307129 -0.545084 0.055886 -0.836515 -0.289139 -0.94909 0.125 -0.786944 0.310005 0.533493 3069bp53.dat
1 8 -54.713158 -203.241791 -8.099045 -0.545084 -0.055886 0.836515 -0.289139 0.94909 -0.125 -0.786944 -0.310005 -0.533493 3069bp05.dat
1 8 -37.982773 -205.741669 -18.768951 -0.545084 -0.055886 0.836515 -0.289139 0.94909 -0.125 -0.786944 -0.310005 -0.533493 3069bp05.dat
1 8 -46.016228 -75.092819 -61.976959 -0.545084 0.055885 -0.836515 -0.289138 -0.94909 0.125 -0.786944 0.310004 0.533493 3069b.dat
1 8 -41.555954 -129.591248 -98.447098 -0.224144 0.5 -0.836515 -0.966505 -0.224144 0.125 -0.125 0.836516 0.533493 3068b.dat
1 8 -13.974487 -152.00206 25.028946 0.224144 -0.499999 -0.836515 0.966505 0.224144 0.125 0.125 -0.836515 0.533493 3068bp07.dat
1 8 -78.751854 -190.299911 -67.568359 0.320941 0.444114 -0.836515 -0.677367 0.724947 0.125 0.661944 0.526511 0.533493 3068bps0.dat
1 8 -12.66832 -97.758797 -4.376816 -0.836515 -0.444114 0.320941 0.125 -0.724947 -0.677367 0.533493 -0.526511 0.661944 61409.dat
1 8 -29.398666 -95.258789 6.29306 -0.836515 -0.444114 0.320941 0.125 -0.724947 -0.677367 0.533493 -0.526511 0.661944 61409.dat
1 8 -56.525108 -92.671089 -36.847412 0.545084 0.055886 0.836515 0.289139 -0.94909 -0.125 0.786944 0.310005 -0.533493 4085c.dat
1 8 -28.156937 -136.459366 8.648232 -0.224144 -0.499999 0.836515 -0.966505 0.224144 -0.125 -0.125 -0.836515 -0.533493 4085c.dat
1 7 -48.926476 -132.186905 12.569397 0.224144 0.499999 0.836515 0.966505 -0.224144 -0.125 0.125 0.836515 -0.533493 57274.dat
1 7 -72.824425 -97.833191 -23.706497 -0.545084 -0.055886 0.836515 -0.289139 0.94909 -0.125 -0.786944 -0.310005 -0.533493 57274.dat
1 8 -77.623131 -136.59259 -59.638123 0.224144 0.499999 0.836515 0.966505 -0.224144 -0.125 0.125 0.836515 -0.533493 4081a.dat
1 7 -90.784904 -118.851929 -45.20871 0.699469 0.678602 0.224144 -0.248859 -0.062728 0.966505 0.669934 -0.731821 0.125 87618.dat
1 8 -51.515373 -178.4758 -9.398041 -0.545084 -0.055886 0.836515 -0.289139 0.94909 -0.125 -0.786944 -0.310005 -0.533493 4081a.dat
1 7 -77.078789 -178.703827 -11.93924 0.162525 0.822476 -0.545084 0.884398 -0.366383 -0.289139 -0.437519 -0.43508 -0.786944 87618.dat
1 8 -40.099838 -100.100243 -9.35202 0.320941 -0.444114 0.836515 -0.677367 -0.724947 -0.125 0.661944 -0.526511 -0.533493 4081a.dat
1 7 -52.583397 -109.888062 10.855927 -0.212474 0.922957 0.320941 -0.732596 0.06689 -0.677367 -0.646648 -0.379044 0.661944 87618.dat
1 7 -132.858398 -114.962845 0.1642 -0.653093 0.678602 0.336106 -0.507453 -0.062728 -0.859392 -0.562103 -0.731821 0.385326 2335.dat