0 untitled model
0 Name: 
0 Author: Anthony Evans
1 15 -114.039322 173.309952 -273.476593 0.965926 -0.258819 0 -0.129409 -0.482963 0.866025 -0.224144 -0.836516 -0.5 3961.dat
1 0 -105.757111 188.764709 -246.708099 0.965926 -0.258819 0 -0.129409 -0.482963 0.866025 -0.224144 -0.836516 -0.5 87994.dat
1 308 -126.462631 150.127686 -313.629364 0.965926 -0.258819 0 -0.129409 -0.482963 0.866025 -0.224144 -0.836516 -0.5 87994.dat
1 15 -135.003693 134.189941 -341.234436 0.965926 -0.258819 0 -0.129409 -0.482963 0.866025 -0.224144 -0.836516 -0.5 4740.dat
1 15 -130.862595 141.917374 -327.850159 0.965926 -0.258819 0 -0.129409 -0.482963 0.866025 -0.224144 -0.836516 -0.5 3741.dat
1 0 -107.827682 184.901001 -253.400223 0.965926 -0.258819 0 -0.129409 -0.482963 0.866025 -0.224144 -0.836516 -0.5 3941.dat
1 0 -105.757111 188.764709 -246.708099 0.965926 -0.258819 0 -0.129409 -0.482963 0.866025 -0.224144 -0.836516 -0.5 4032a.dat
1 7 -126.462631 150.127686 -313.629364 0.965926 0.258819 0 -0.129409 0.482963 -0.866025 -0.224144 0.836516 0.5 64644.dat
1 8 -94.027328 191.33432 -242.257385 0 -0.258819 -0.965926 0.866025 -0.482963 0.129409 -0.5 -0.836516 0.224144 44728.dat
1 8 -113.34584 193.922501 -237.77449 0 -0.258819 0.965925 -0.866024 -0.482963 -0.129409 0.499999 -0.836516 -0.224144 44728.dat
1 8 -101.616043 205.15239 -238.323807 -0.965925 -0.258819 0 0.129409 -0.482963 -0.866024 0.224144 -0.836516 0.499999 44728.dat
1 8 -101.616043 187.83194 -228.323792 -0.965925 -0.258819 0 0.129409 -0.482963 -0.866024 0.224144 -0.836516 0.499999 3023.dat
1 8 -62.49852 168.09726 -262.505188 -0.258819 -0.965925 -0 -0.482962 0.129409 0.866024 -0.836515 0.224144 -0.499999 2877.dat
1 8 -62.49852 185.417786 -272.505188 0.258819 -0.965925 0 0.482962 0.129409 -0.866024 0.836515 0.224144 0.499999 2877.dat
1 8 -41.904533 168.822037 -281.249756 -0 -0.965925 0.258819 0.866024 0.129409 0.482962 -0.499999 0.224144 0.836515 3937.dat
1 8 -36.728142 178.481308 -264.519501 0 -0.965925 -0.258819 -0.866024 0.129409 -0.482962 0.499999 0.224144 -0.836515 3937.dat
1 8 -36.194977 180.784241 -260.530762 -0 -0.965924 -0.258818 0.866024 -0.129409 0.482962 -0.499999 -0.224143 0.836515 3938.dat
1 8 -43.386116 166.559967 -285.167877 -0 -0.707106 0.707107 0.866024 0.353553 0.353553 -0.499999 0.612372 0.612372 6134.dat
1 8 -248.057678 201.947861 -224.095947 0.258819 0.965926 0 0.482963 -0.129409 0.866025 0.836516 -0.224144 -0.5 2580c01.dat
1 8 -99.545456 202.08786 -227.631683 -0.965925 -0.258819 0 0.129409 -0.482963 -0.866024 0.224144 -0.836516 0.499999 30106.dat
1 8 47.990524 127.651428 -352.781189 -0.707107 -0.707106 0 -0.353553 0.353553 0.866025 -0.612372 0.612372 -0.5 2580c01.dat
1 8 132.843353 85.225014 -426.265808 -0.707107 -0.707106 0 -0.353553 0.353553 0.866025 -0.612372 0.612372 -0.5 2580c01.dat
1 8 217.696167 42.79866 -499.750488 -0.707107 -0.707106 0 -0.353553 0.353553 0.866025 -0.612372 0.612372 -0.5 2580c01.dat
1 8 302.54895 0.372292 -573.235107 -0.707107 -0.707106 0 -0.353553 0.353553 0.866025 -0.612372 0.612372 -0.5 2580c01.dat
1 8 308.20575 -2.4562 -578.134155 -0.707107 -0.707106 0 -0.353553 0.353553 0.866025 -0.612372 0.612372 -0.5 3068bp07.dat
1 8 -5.620872 185.210526 -253.085922 0.258819 -0.965925 0 -0.482963 -0.12941 0.866025 -0.836516 -0.224144 -0.5 3062b.dat
1 8 22.390991 188.963379 -246.585739 0.258819 -0.965925 0 -0.482963 -0.12941 0.866025 -0.836516 -0.224144 -0.5 3062b.dat
1 8 54.266533 193.233902 -239.188965 0.258819 -0.965925 0 -0.482963 -0.12941 0.866025 -0.836516 -0.224144 -0.5 30374.dat
1 8 50.402809 192.716232 -240.085602 0.258819 -0.965925 0 -0.482963 -0.12941 0.866025 -0.836516 -0.224144 -0.5 3062b.dat
1 8 -28.467583 181.819473 -258.737579 -0 -0.965924 -0.258818 0.866024 -0.129409 0.482962 -0.499999 -0.224143 0.836515 3794a.dat
1 8 -258.37323 198.153488 -230.668015 0 0.965926 -0.258819 0.866025 -0.129409 -0.482963 -0.5 -0.224144 -0.836516 3794a.dat
1 8 -253.196838 207.812744 -213.937683 0 0.965926 -0.258819 0.866025 -0.129409 -0.482963 -0.5 -0.224144 -0.836516 3794a.dat
1 8 -263.512451 204.018448 -220.509674 -0.258819 0.965926 0 -0.482963 -0.129409 -0.866025 -0.836516 -0.224144 0.5 3794a.dat
1 8 -294.422058 208.159515 -213.337097 -0.258819 0.965926 0 -0.482963 -0.129409 -0.866025 -0.836516 -0.224144 0.5 6541.dat
1 8 -271.239868 205.053711 -218.716568 -0.258819 0.965926 0 -0.482963 -0.129409 -0.866025 -0.836516 -0.224144 0.5 3024.dat
1 8 -302.149414 209.194778 -211.543945 -0.258819 0.965926 0 -0.482963 -0.129409 -0.866025 -0.836516 -0.224144 0.5 30039.dat
1 7 -284.762817 215.52565 -220.578506 -0.258819 0 0.965925 -0.482963 0.866025 -0.129409 -0.836516 -0.5 -0.224144 43898.dat
1 7 -284.762756 198.205215 -210.578552 -0.258819 0 -0.965925 -0.482963 -0.866024 0.129409 -0.836516 0.499999 0.224144 43898.dat
1 8 -99.027832 249.819183 -252.958649 -0.965925 0 0.258819 0.129409 -0.866025 0.482962 0.224144 0.5 0.836515 4276a.dat
1 8 -146.522339 231.678787 -227.790451 0.482963 0.836516 -0.258819 0.685295 -0.545084 -0.482962 -0.545084 0.055886 -0.836515 4275a.dat
1 8 -93.85144 259.478516 -236.228317 -0.965925 0 0.258819 0.129409 -0.866025 0.482962 0.224144 0.5 0.836515 4276a.dat
1 8 -141.345932 241.337952 -211.060089 0.482963 0.836516 -0.258819 0.685295 -0.545084 -0.482962 -0.545084 0.055886 -0.836515 4275a.dat
1 8 -93.851486 266.406586 -240.228317 0.965925 0 -0.258819 -0.129409 -0.866025 -0.482962 -0.224144 0.5 -0.836515 4275a.dat
1 8 -99.027817 256.747375 -256.958618 0.965925 0 -0.258819 -0.129409 -0.866025 -0.482962 -0.224144 0.5 -0.836515 4275a.dat
1 8 -46.296959 235.732971 -237.2323 -0.482963 -0.836516 0.258819 0.814704 -0.320941 0.482962 -0.320941 0.444114 0.836515 4276a.dat
1 8 -51.473373 226.073761 -253.962601 -0.482963 -0.836516 0.258819 0.814704 -0.320941 0.482962 -0.320941 0.444114 0.836515 4276a.dat
1 8 -58.5103 173.811035 -221.611526 0.482963 -0.836516 0.258819 0.685295 0.545084 0.482962 -0.545084 -0.055886 0.836515 4276a.dat
1 8 -58.431625 223.795654 -250.494476 0.482963 -0.836516 -0.258819 -0.814704 -0.320941 -0.482962 0.320941 0.444114 -0.836515 4275a.dat
1 8 -53.333939 183.470306 -204.88118 0.482963 -0.836516 0.258819 0.685295 0.545084 0.482962 -0.545084 -0.055886 0.836515 4276a.dat
1 8 -53.255249 233.454926 -233.764206 0.482963 -0.836516 -0.258819 -0.814704 -0.320941 -0.482962 0.320941 0.444114 -0.836515 4275a.dat
1 8 -46.641815 179.109634 -204.434143 -0.482963 -0.836516 -0.258819 -0.685295 0.545084 -0.482962 0.545084 -0.055886 -0.836515 4275a.dat
1 8 -51.818176 169.450394 -221.164398 -0.482963 -0.836516 -0.258819 -0.685295 0.545084 -0.482962 0.545084 -0.055886 -0.836515 4275a.dat
1 8 -93.893524 160.667389 -179.166733 0.965925 -0 0.258819 -0.129409 0.866024 0.482962 -0.224144 -0.499999 0.836515 4276a.dat
1 8 -99.069885 151.008133 -195.897064 0.965925 -0 0.258819 -0.129409 0.866024 0.482962 -0.224144 -0.499999 0.836515 4276a.dat
1 8 -146.272354 189.025482 -203.241867 0.482963 0.836516 0.258819 -0.814704 0.320941 0.482962 0.320941 -0.444114 0.836515 4276a.dat
1 8 -98.856537 158.047379 -200.027191 -0.965925 -0 -0.258819 0.129409 0.866024 -0.482962 0.224144 -0.499999 -0.836515 4275a.dat
1 8 -141.095993 198.684708 -186.511581 0.482963 0.836516 0.258819 -0.814704 0.320941 0.482962 0.320941 -0.444114 0.836515 4276a.dat
1 8 -93.680145 167.706573 -183.296844 -0.965925 -0 -0.258819 0.129409 0.866024 -0.482962 0.224144 -0.499999 -0.836515 4275a.dat
1 8 -147.788071 196.117294 -182.958664 -0.482963 0.836516 -0.258819 0.814704 0.320941 -0.482962 -0.320941 -0.444114 -0.836515 4275a.dat
1 8 -152.964478 186.457977 -199.688995 -0.482963 0.836516 -0.258819 0.814704 0.320941 -0.482962 -0.320941 -0.444114 -0.836515 4275a.dat
1 8 -148.090851 245.233078 -211.222046 -0.482963 0.836516 0.258819 -0.685295 -0.545084 0.482962 0.545084 0.055886 0.836515 4276a.dat
1 8 -153.267258 235.573883 -227.952408 -0.482963 0.836516 0.258819 -0.685295 -0.545084 0.482962 0.545084 0.055886 0.836515 4276a.dat
1 8 -106.792419 214.545639 -266.054108 -0.965925 0 0.258819 0.129409 -0.866025 0.482962 0.224144 0.5 0.836515 3022.dat
1 8 -106.792419 221.473923 -270.054138 -0.965925 0 0.258819 0.129409 -0.866025 0.482962 0.224144 0.5 0.836515 3022.dat
1 8 -101.616043 238.061371 -257.323792 -0.258819 0 -0.965925 -0.482962 -0.866025 0.129409 -0.836515 0.5 0.224144 3020.dat
1 366 -96.439621 268.505188 -252.593475 -0.258819 0 -0.965925 -0.482962 -0.866025 0.129409 -0.836515 0.5 0.224144 4150ps3.dat
1 8 -39.535492 238.291214 -240.801285 -0.482963 -0.836516 0.258819 0.814704 -0.320941 0.482962 -0.320941 0.444114 0.836515 3069bp53.dat
1 8 -154.549545 193.559036 -179.389648 -0.482963 0.836516 -0.258819 0.814704 0.320941 -0.482962 -0.320941 -0.444114 -0.836515 3069bp05.dat
1 8 -159.725967 183.899704 -196.119965 -0.482963 0.836516 -0.258819 0.814704 0.320941 -0.482962 -0.320941 -0.444114 -0.836515 3069bp05.dat
1 8 -44.711868 228.631989 -257.531616 -0.482962 -0.836516 0.258819 0.814704 -0.32094 0.482962 -0.320941 0.444114 0.836515 3069b.dat
1 8 -106.792435 235.330322 -278.054169 -0.965925 0 0.258819 0.129409 -0.866025 0.482962 0.224144 0.5 0.836515 3068b.dat
1 8 -96.481705 148.909576 -183.531921 0.965925 -0 0.258819 -0.129409 0.866024 0.482962 -0.224144 -0.499999 0.836515 3068bp07.dat
1 8 -157.440567 244.773407 -220.018143 -0.482963 0.836516 0.258819 -0.685295 -0.545084 0.482962 0.545084 0.055886 0.836515 3068bps0.dat
1 8 -51.69751 168.999908 -220.941681 0.258819 -0.836516 -0.482963 0.482962 0.545084 -0.685295 0.836515 -0.055886 0.545084 61409.dat
1 8 -46.521133 178.659134 -204.211365 0.258819 -0.836516 -0.482963 0.482962 0.545084 -0.685295 0.836515 -0.055886 0.545084 61409.dat
1 8 -55.187149 223.321472 -227.315887 0.482963 -0.836516 -0.258819 -0.814704 -0.320941 -0.482962 0.320941 0.444114 -0.836515 4085c.dat
1 8 -85.708267 171.114578 -193.627197 -0.965925 -0 -0.258819 0.129409 0.866024 -0.482962 0.224144 -0.499999 -0.836515 4085c.dat
1 7 -80.566437 187.760651 -180.919952 0.965925 0 -0.258819 -0.129409 -0.866024 -0.482962 -0.224144 0.499999 -0.836515 57274.dat
1 7 -56.772217 230.422424 -207.016571 -0.482963 0.836516 -0.258819 0.814704 0.320941 -0.482962 -0.320941 -0.444114 -0.836515 57274.dat
1 8 -103.510727 246.916107 -225.986908 0.965925 0 -0.258819 -0.129409 -0.866024 -0.482962 -0.224144 0.499999 -0.836515 4081a.dat
1 7 -82.639984 253.641495 -211.312042 -0.066987 -0.25 0.965925 -0.961515 -0.242362 -0.129409 0.266456 -0.937421 -0.224144 87618.dat
1 8 -130.963699 194.621933 -187.626236 -0.482963 0.836516 -0.258819 0.814704 0.320941 -0.482962 -0.320941 -0.444114 -0.836515 4081a.dat
1 7 -131.84166 217.958313 -176.919189 0.741024 -0.466506 -0.482963 0.185004 -0.549571 0.814704 -0.645487 -0.693067 -0.320941 87618.dat
1 8 -55.246857 194.856064 -210.862946 -0.482963 -0.836516 -0.258819 -0.685295 0.545084 -0.482962 0.545084 -0.055886 -0.836515 4081a.dat
1 7 -59.470901 194.640823 -185.52301 -0.874999 -0.033493 -0.482963 0.40151 -0.607584 -0.685295 -0.270488 -0.793548 0.545084 87618.dat
1 7 -67.139984 268.667938 -153.191864 -0.635645 -0.25 -0.730379 0.7714 -0.242362 -0.588388 -0.029919 -0.937421 0.346906 2335.dat