0 Voyager1
0 Author: LEGO Digital Designer 4.3
1 72 -24.6827297210693359375 -387.980499267578125 -644.00054931640625 0 -0.866026103496551513671875 -0.4999989569187164306640625 0 -0.4999988973140716552734375 0.86602604389190673828125 -1.00000011920928955078125 0 0 3068.dat
1 72 -40.46733856201171875 -408.640777587890625 -634.00067138671875 0.50000011920928955078125 -0.86602556705474853515625 0 -0.86602556705474853515625 -0.49999988079071044921875 0 0 0 -1 4081B.dat
1 25 -80.075103759765625 -491.922607421875 -644.00091552734375 1 0 0 0 1 0 0 0 1 4150.dat
1 72 -90.07503509521484375 -467.922698974609375 -634.0008544921875 -1 0 0 0 1 0 0 0 -1 4081B.dat
1 72 -24.6828060150146484375 -459.94195556640625 -644.00079345703125 0.500000178813934326171875 -0.866025269031524658203125 0 0.866025269031524658203125 0.500000178813934326171875 0 0 0 1 3068.dat
1 72 -142.3954620361328125 -455.94183349609375 -644.0008544921875 0.4999983310699462890625 0.866026341915130615234375 0 -0.866026341915130615234375 0.4999983310699462890625 0 0 0 1 3068.dat
1 72 -126.6108551025390625 -435.281707763671875 -634.0008544921875 -0.499999523162841796875 0.866025745868682861328125 0 0.866025745868682861328125 0.4999997615814208984375 0 0 0 -1 4085c.dat
1 10 -79.99996185302734375 -419.999786376953125 -756.00042724609375 0.999999940395355224609375 0 0 0 0 1 0 -1 0 3741.dat
1 71 -79.9999542236328125 -419.999786376953125 -772.00042724609375 0 0 -1 1 0 0 0 -1 0 4740.dat
1 72 -80.074981689453125 -379.999847412109375 -664.00048828125 0 0 -1 0 -1 0 -1 0 0 3020.dat
1 72 -80.07500457763671875 -387.999847412109375 -684.00048828125 0 0 0.999999940395355224609375 0 -1 0 0.999999940395355224609375 0 0 3022.dat
1 72 -79.9999847412109375 -409.999847412109375 -664.00048828125 -1 0 0 0 0 -1 0 -1 0 44728.dat
1 72 -80.074981689453125 -355.999786376953125 -644.00048828125 1 0 0 0 -1 0 0 0 -1 3068.dat
1 0 -79.99999237060546875 -419.999847412109375 -624.00042724609375 0.999999940395355224609375 0 0 0 0 1 0 -1 0 30151.dat
1 72 -79.9999847412109375 -429.99981689453125 -664.00048828125 -1 0 0 0 0 -1 0 -1 0 3023.dat
1 72 -90.07498931884765625 -387.999847412109375 -634.00042724609375 1 0 0 0 -1 0 0 0 -1 4085c.dat
1 72 -55.9999542236328125 -409.924835205078125 -702.00042724609375 0 -1 0 0 0 0.999999940395355224609375 -0.999999940395355224609375 0 0 m58827.dat
1 72 -69.9999847412109375 -419.999847412109375 -672.00042724609375 0 0 -1 1 0 0 0 -1 0 44728.dat
1 0 -79.9999847412109375 -419.999786376953125 -680.00042724609375 -1 0 0 0 0 -1 0 -1 0 4032.dat
1 72 -90 -419.999847412109375 -672.00042724609375 0 0 1 -0.999999940395355224609375 0 0 0 -0.999999940395355224609375 0 44728.dat
1 71 -79.99997711181640625 -419.999847412109375 -712.00048828125 -1 0 0 0 0 -1 0 -1 0 3961.dat
1 0 -79.9999847412109375 -419.999847412109375 -688.00048828125 -1 0 0 0 0 -1 0 -1 0 6143.dat
1 72 191.9999847412109375 -429.924774169921875 -692.0003662109375 0 -1 0 0 0 -1 1 0 0 3794.dat
1 72 191.9999847412109375 -409.9248046875 -692.0003662109375 0 -1 0 0 0 -1 1 0 0 3794.dat
1 72 -127.99996185302734375 -430.0748291015625 -692.00042724609375 0 1 0 0 0 1 1 0 0 2877.dat
1 72 -127.9999847412109375 -410.074859619140625 -692.00042724609375 0 1 0 0 0 -1 -1 0 0 2877.dat
1 72 231.99993896484375 -419.924774169921875 -692.00042724609375 0 -1 0 -1 0 0 0 0 -1 6541.dat
1 72 239.99993896484375 -419.92474365234375 -692.00042724609375 0 -1.00000011920928955078125 0 0 0 -1.00000011920928955078125 1.00000011920928955078125 0 0 30039.dat
1 72 207.99993896484375 -419.924774169921875 -692.00042724609375 0 -1.00000011920928955078125 0 0 0 -1.00000011920928955078125 1.00000011920928955078125 0 0 3024.dat
1 72 199.9999542236328125 -419.92474365234375 -692.00042724609375 0 -1 0 -1 0 0 0 0 -1 3794.dat
1 72 -151.999969482421875 -420.0748291015625 -702.00048828125 0 1 0 -1 0 0 0 0 0.999999940395355224609375 3937.dat
1 72 -151.999969482421875 -420.07489013671875 -682.00048828125 0 1 0 1 0 0 0 0 -1 3937.dat
1 0 -142.39263916015625 -391.97552490234375 -654.000732421875 -0.5000002384185791015625 0.8660252094268798828125 0 -0.8660252094268798828125 -0.5000002384185791015625 0 0 0 1 3069.dat
1 72 -71.76253509521484375 -448.414947509765625 -548.31781005859375 0.866025984287261962890625 0 0.4999990165233612060546875 -0.482962429523468017578125 -0.2588155567646026611328125 0.83651769161224365234375 0.1294074952602386474609375 -0.96592676639556884765625 -0.2241410315036773681640625 2335.dat
1 72 -142.392608642578125 -391.9755859375 -634.00067138671875 -0.5000002384185791015625 0.8660252094268798828125 0 -0.8660252094268798828125 -0.5000002384185791015625 0 0 0 1 3069.dat
1 72 -116.61083984375 -395.3201904296875 -634.000732421875 0.5000011920928955078125 0.866024792194366455078125 0 0.866024792194366455078125 -0.500001132488250732421875 0 0 0 -1 4081B.dat
1 0 -150.19146728515625 -420.0748291015625 -676.26470947265625 0 0.81915199756622314453125 0.573576450347900390625 -1 0 0 0 -0.573576450347900390625 0.81915199756622314453125 3938.dat
1 72 -156.7447052001953125 -420.0748291015625 -671.6761474609375 0 0.81915199756622314453125 0.573576450347900390625 -1 0 0 0 -0.573576450347900390625 0.81915199756622314453125 3794.dat
1 72 -176.4043426513671875 -420.0748291015625 -657.91033935546875 0 0.81915199756622314453125 0.573576450347900390625 -1 0 0 0 -0.573576450347900390625 0.81915199756622314453125 3062b.dat
1 72 -196.063995361328125 -420.0748291015625 -644.1444091796875 0 0.81915199756622314453125 0.573576450347900390625 -1 0 0 0 -0.573576450347900390625 0.81915199756622314453125 3062b.dat
1 72 -215.7236328125 -420.0748291015625 -630.37860107421875 0 0.81915199756622314453125 0.573576450347900390625 -1 0 0 0 -0.573576450347900390625 0.81915199756622314453125 3062b.dat
1 72 -555.67333984375 -420.0748291015625 -979.45013427734375 0 0.81915187835693359375 -0.573576867580413818359375 -1.00000011920928955078125 0 0 0 0.573576867580413818359375 0.819151937961578369140625 3068.dat
1 72 -549.12005615234375 -420.0748291015625 -974.86151123046875 -0.57357692718505859375 0.81915175914764404296875 0 0 0 1 0.81915175914764404296875 0.573576986789703369140625 0 30517.dat
1 72 -352.523651123046875 -420.074798583984375 -837.203125 -0.573576867580413818359375 0.81915175914764404296875 0 0 0 1.00000011920928955078125 0.81915175914764404296875 0.57357692718505859375 0 30517.dat
1 0 -150.19146728515625 -420.0748291015625 -707.7362060546875 0 0.81915187835693359375 -0.573576867580413818359375 -1.00000011920928955078125 0 0 0 0.57357692718505859375 0.819151937961578369140625 6134.dat
