0 untitled model
0 Name: 
0 Author: Anthony Evans
1 28 82.298668 -448.850403 -36.800964 -0.25 0.965925 -0.066987 0.258819 0 -0.965925 -0.933012 -0.258819 -0.25 44728.dat
1 28 80.958908 -468.169037 -41.801041 0.25 0.965925 0.066987 -0.258819 0 0.965925 0.933011 -0.258819 0.25 44728.dat
1 28 176.944397 -284.162537 -16.04744 0.803022 -0.540975 -0.25 -0.482962 -0.836516 0.258819 -0.349144 -0.087097 -0.933012 2580c01.dat
1 28 241.861435 -183.780731 -5.59584 0.803022 -0.540975 -0.25 -0.482962 -0.836516 0.258819 -0.349144 -0.087097 -0.933012 2580c01.dat
1 28 306.778503 -83.398849 4.855728 0.803022 -0.540975 -0.25 -0.482962 -0.836516 0.258819 -0.349144 -0.087097 -0.933012 2580c01.dat
1 28 371.695496 16.982971 15.307266 0.803022 -0.540975 -0.25 -0.482962 -0.836516 0.258819 -0.349144 -0.087097 -0.933012 2580c01.dat
1 28 115.59964 -388.746277 -28.621796 -0.25 -0.066987 -0.965925 0.258819 -0.965925 0 -0.933011 -0.25 0.258819 3937.dat
1 28 120.057617 -389.373993 -29.99054 -0.25 -0.540974 -0.803022 0.258819 -0.836516 0.482962 -0.933011 -0.087097 0.349144 6134.dat
1 28 106.662697 -414.733521 -23.147263 0.965925 -0.066987 -0.25 0 -0.965925 0.258819 -0.258819 -0.25 -0.933011 2877.dat
1 28 101.66272 -409.557068 -41.80751 -0.965925 -0.066987 0.25 0 -0.965925 -0.258819 0.258819 -0.25 0.933011 2877.dat
1 28 101.303726 -492.007629 -43.147324 0.965925 0.066987 0.25 0 0.965925 -0.258819 -0.258819 0.25 0.933011 3023.dat
1 28 107.677109 -496.887939 -57.99852 -0.25 0.066987 0.965925 0.258819 0.965925 0 -0.933011 0.25 -0.258819 3794a.dat
1 28 88.358582 -496.88797 -52.82222 -0.25 0.066987 0.965925 0.258819 0.965925 0 -0.933011 0.25 -0.258819 3794a.dat
1 28 96.30365 -486.831146 -61.807571 0.965925 0.066987 0.25 0 0.965925 -0.258819 -0.258819 0.25 0.933011 44728.dat
1 28 90.049416 -612.579041 -85.446854 -0.25 0.066987 0.965925 0.258819 0.965925 0 -0.933012 0.25 -0.258819 2580c01.dat
1 28 79.85424 -620.30603 -84.858643 -0.25 0.066987 0.965925 0.258819 0.965925 0 -0.933012 0.25 -0.258819 3794a.dat
1 28 99.172714 -620.306152 -90.034988 -0.25 0.066987 0.965925 0.258819 0.965925 0 -0.933012 0.25 -0.258819 3794a.dat
1 28 76.638855 -666.670654 -96.858612 0.25 0.066987 -0.965925 -0.258819 0.965925 -0 0.933012 0.25 0.258819 60481.dat
1 28 76.035942 -675.36377 -99.108566 -0.25 0.066987 0.965925 0.258819 0.965925 0 -0.933012 0.25 -0.258819 32474.dat
1 28 376.028107 23.744568 16.022095 0.803022 -0.540975 -0.25 -0.482962 -0.836516 0.258819 -0.349144 -0.087097 -0.933012 3068b.dat
1 28 96.281128 -388.746216 -23.44548 0.25 -0.066987 0.965925 -0.258819 -0.965925 0 0.933011 -0.25 -0.258819 3937.dat
1 28 88.814514 -391.028076 -22.631332 0.25 0.635645 0.730379 -0.258819 -0.683012 0.683012 0.933011 -0.359789 -0.006236 3938.dat
1 28 83.729439 -385.564026 -19.753159 0.25 0.635645 0.730379 -0.258819 -0.683012 0.683012 0.933011 -0.359789 -0.006236 3794a.dat
1 28 68.723907 -369.430481 -10.18515 0.25 0.635645 0.73038 -0.258819 -0.683013 0.683013 0.933012 -0.359789 -0.006236 3062b.dat
1 28 50.29023 -349.623169 0.248734 0.25 0.635645 0.73038 -0.258819 -0.683013 0.683013 0.933012 -0.359789 -0.006236 3062b.dat
1 28 31.856583 -329.815918 10.682541 0.25 0.635645 0.73038 -0.258819 -0.683013 0.683013 0.933012 -0.359789 -0.006236 3062b.dat
1 28 29.313995 -327.083832 12.121674 0.25 0.635645 0.73038 -0.258819 -0.683013 0.683013 0.933012 -0.359789 -0.006236 30374.dat
1 28 120.685768 -458.551941 -48.277023 0.066987 0.965925 -0.25 0.965925 0 0.258819 0.25 -0.258819 -0.933012 3961.dat
1 28 188.300537 -458.55188 -66.394394 0.066987 0.965925 -0.25 0.965925 0 0.258819 0.25 -0.258819 -0.933012 3741.dat
1 28 167.05014 -458.551941 -60.700256 -0.066987 -0.965925 -0.25 -0.965925 0 0.258819 -0.25 0.258819 -0.933012 64644.dat
1 28 203.755341 -458.55188 -70.535446 0.066987 0.965925 -0.25 0.965925 0 0.258819 0.25 -0.258819 -0.933012 4740.dat
1 28 97.503555 -458.55188 -42.065323 0.066987 0.965925 -0.25 0.965925 0 0.258819 0.25 -0.258819 -0.933012 3941.dat
1 28 147.731689 -458.55191 -55.523926 -0.066987 -0.965925 -0.25 -0.965925 -0 0.258819 -0.25 0.258819 -0.933012 87994.dat
1 28 225.005676 -458.55188 -76.229446 -0.066987 -0.965925 -0.25 -0.965925 -0 0.258819 -0.25 0.258819 -0.933012 87994.dat
1 28 89.776222 -458.552032 -39.994827 0.066987 0.965925 -0.25 0.965925 0 0.258819 0.25 -0.258819 -0.933012 4032a.dat
1 28 47.675575 -415.237396 -48.071106 -0.25 0.066987 -0.965925 -0.258819 -0.965925 -0 -0.933012 0.25 0.258819 4276b.dat
1 28 37.315613 -455.512299 -86.73497 0.066987 0.25 0.965925 0.965925 -0.258819 0 0.25 0.933011 -0.258819 4275b.dat
1 28 61.272537 -422.231628 2.673035 -0.183013 -0.183013 -0.965925 0.707106 -0.707106 -0 -0.683012 -0.683012 0.258819 4276b.dat
1 28 47.06514 -407.704285 -50.349533 0.25 0.066987 0.965925 0.258819 -0.965925 0 0.933012 0.25 -0.258819 4275b.dat
1 28 66.535141 -471.53653 22.313278 0.066987 -0.25 -0.965925 0.965925 0.258819 -0 0.25 -0.933011 0.258819 4276b.dat
1 28 62.68766 -416.7341 7.954453 0.183013 -0.183013 0.965925 -0.707106 -0.707106 0 0.683012 -0.683012 -0.258819 4275b.dat
1 28 58.168976 -513.5354 -8.909729 0.25 -0.066987 -0.965925 0.258819 0.965925 -0 0.933012 -0.25 0.258819 4276b.dat
1 28 68.52887 -473.260315 29.754074 -0.066987 -0.25 0.965925 -0.965925 0.258819 0 -0.25 -0.933011 -0.258819 4275b.dat
1 28 44.469162 -506.82959 -60.038177 0.183013 0.183013 -0.965925 -0.707106 0.707106 -0 0.683012 0.683012 0.258819 4276b.dat
1 28 58.676506 -521.357056 -7.015533 -0.25 -0.066987 0.965925 -0.258819 0.965925 0 -0.933012 -0.25 -0.258819 4275b.dat
1 28 39.238388 -457.836243 -79.559235 -0.066987 0.25 -0.965925 -0.965925 -0.258819 -0 -0.25 0.933011 0.258819 4276b.dat
1 28 43.0858 -512.638916 -65.200562 -0.183013 0.183013 0.965925 0.707106 0.707106 0 -0.683012 0.683012 -0.258819 4275b.dat
1 28 66.994171 -415.237335 -53.247528 -0.25 0.066987 -0.965925 -0.258819 -0.965925 -0 -0.933012 0.25 0.258819 4276b.dat
1 28 56.634155 -455.512451 -91.911407 0.066987 0.25 0.965925 0.965925 -0.258819 0 0.25 0.933011 -0.258819 4275b.dat
1 28 80.591049 -422.23172 -2.503387 -0.183013 -0.183013 -0.965925 0.707106 -0.707106 -0 -0.683012 -0.683012 0.258819 4276b.dat
1 28 66.383652 -407.704224 -55.525955 0.25 0.066987 0.965925 0.258819 -0.965925 0 0.933012 0.25 -0.258819 4275b.dat
1 28 85.853592 -471.536499 17.136932 0.066987 -0.25 -0.965925 0.965925 0.258819 -0 0.25 -0.933011 0.258819 4276b.dat
1 28 82.006111 -416.734192 2.778122 0.183013 -0.183013 0.965925 -0.707106 -0.707106 0 0.683012 -0.683012 -0.258819 4275b.dat
1 28 77.487457 -513.5354 -14.086197 0.25 -0.066987 -0.965925 0.258819 0.965925 -0 0.933012 -0.25 0.258819 4276b.dat
1 28 87.84729 -473.260376 24.57769 -0.066987 -0.25 0.965925 -0.965925 0.258819 0 -0.25 -0.933011 -0.258819 4275b.dat
1 28 63.787628 -506.82959 -65.214508 0.183013 0.183013 -0.965925 -0.707106 0.707106 -0 0.683012 0.683012 0.258819 4276b.dat
1 28 77.994919 -521.357117 -12.191925 -0.25 -0.066987 0.965925 -0.258819 0.965925 0 -0.933012 -0.25 -0.258819 4275b.dat
1 28 58.556892 -457.836365 -84.735641 -0.066987 0.25 -0.965925 -0.965925 -0.258819 -0 -0.25 0.933011 0.258819 4276b.dat
1 28 62.404289 -512.638855 -70.376907 -0.183013 0.183013 0.965925 0.707106 0.707106 0 -0.683012 0.683012 -0.258819 4275b.dat
1 28 44.975006 -453.441956 -96.787094 0.066987 0.25 0.965925 0.965925 -0.258819 0 0.25 0.933011 -0.258819 3068bp07.dat
1 28 80.162766 -475.376923 34.535255 -0.066987 -0.25 0.965925 -0.965925 0.258819 0 -0.25 -0.933011 -0.258819 3068bp17.dat
1 28 51.223671 -517.886536 -73.466949 -0.183013 0.183013 0.965925 0.707106 0.707106 0 -0.683012 0.683012 -0.258819 3068bp61.dat
1 28 68.942535 -528.983398 -7.338989 -0.25 -0.066987 0.965925 -0.258818 0.965925 0 -0.933011 -0.249999 -0.258819 3068bp07.dat
1 28 70.293457 -459.653503 -79.571381 -0.965925 0.25 0.066987 0 -0.258819 0.965925 0.258819 0.933011 0.25 3020.dat
1 28 73.664017 -410.673737 10.281815 0.183012 -0.183012 0.965925 -0.707106 -0.707105 0 0.683011 -0.683012 -0.258819 3068bp07.dat
1 28 56.195183 -399.835388 -54.91301 0.249999 0.066987 0.965925 0.258818 -0.965924 0 0.933011 0.249999 -0.258819 3068bp07.dat
1 28 36.714485 -438.272125 -49.660278 -0.25 0.965925 0.066987 -0.258819 0 -0.965925 -0.933012 -0.258819 0.25 42446.dat
1 28 -39.547989 -438.651093 -29.043839 -0.25 0.965925 0.066987 -0.258819 0 -0.965925 -0.933012 -0.258819 0.25 30374.dat
1 28 33.86216 -438.651123 -48.71405 0.965925 0.066987 0.25 0 0.965925 -0.258819 -0.258819 0.25 0.933011 4274.dat
1 28 38.606522 -492.112244 -42.599396 0.183013 0.965925 0.183013 -0.707106 0 0.707106 0.683012 -0.258819 0.683012 42446.dat
1 28 -37.639465 -491.770721 -21.9207 0.183013 0.965925 0.183013 -0.707106 0 0.707106 0.683012 -0.258819 0.683012 30374.dat
1 28 35.770836 -491.770538 -41.590988 0.965925 -0.25 -0.066987 0 -0.258819 0.965925 -0.258819 -0.933012 -0.25 4274.dat
1 28 51.259964 -467.79657 4.623901 0.066987 0.965925 -0.25 0.965925 0 0.258819 0.25 -0.258819 -0.933011 42446.dat
1 28 -25.156067 -467.759735 24.668671 0.066987 0.965925 -0.25 0.965925 0 0.258819 0.25 -0.258819 -0.933011 30374.dat
1 28 48.254364 -467.759674 4.998474 0.965925 0.183013 -0.183013 0 -0.707106 -0.707106 -0.258819 0.683012 -0.683012 4274.dat
1 28 -37.639465 -491.770721 -21.9207 0.066987 0.965925 0.25 -0.965925 0 0.258819 0.25 -0.258819 0.933012 2335.dat
1 28 30.696289 -428.400085 -28.661987 0.965925 -0.066987 0.25 0 0.965925 0.258819 -0.258819 -0.25 0.933012 57274.dat
1 28 39.4953 -440.615356 4.176575 0.965925 0.183013 0.183013 0 0.707106 -0.707106 -0.258819 0.683012 0.683012 57274.dat
1 28 50.791672 -420.533722 -36.441956 0.25 0.066987 0.965925 0.258819 -0.965925 0 0.933012 0.25 -0.258819 4085c.dat
1 28 61.590675 -434.819672 3.860504 0.183013 -0.183013 0.965925 -0.707106 -0.707106 0 0.683012 -0.683012 -0.258819 4085c.dat
1 28 81.95269 -461.723999 -74.695511 -0.965925 0.25 0.066987 0 -0.258819 0.965925 0.258819 0.933011 0.25 3021.dat
1 28 73.754395 -459.000153 -37.969803 0.066987 0.965925 -0.25 0.965925 0 0.258819 0.25 -0.258819 -0.933012 30106.dat