0 untitled model
0 Name: 
0 Author: Anthony Evans
1 28 -88.10614 -258.68988 -122.593979 -0.948588 0.288849 -0.12941 0.25 0.433013 -0.866025 -0.194114 -0.853854 -0.482963 44728.dat
1 28 -90.694359 -276.010376 -132.253235 0.948587 0.288849 0.129409 -0.25 0.433013 0.866025 0.194114 -0.853854 0.482962 44728.dat
1 28 -40.793194 -73.781448 -113.594055 0.185445 -0.256496 -0.948588 -0.058013 -0.966506 0.25 -0.98094 0.008669 -0.194114 2580c01.dat
1 28 -10.013668 42.199219 -114.634323 0.185445 -0.256496 -0.948588 -0.058013 -0.966506 0.25 -0.98094 0.008669 -0.194114 2580c01.dat
1 28 20.7659 158.179886 -115.674652 0.185445 -0.256496 -0.948588 -0.058013 -0.966506 0.25 -0.98094 0.008669 -0.194114 2580c01.dat
1 28 51.545387 274.160522 -116.71492 0.185445 -0.256496 -0.948588 -0.058013 -0.966506 0.25 -0.98094 0.008669 -0.194114 2580c01.dat
1 28 -70.980255 -191.797424 -118.070099 -0.948587 -0.129409 -0.288848 0.25 -0.866025 -0.433012 -0.194114 -0.482962 0.853853 3937.dat
1 28 -69.718277 -190.342239 -122.363235 -0.948587 -0.256496 -0.185445 0.25 -0.966506 0.058013 -0.194114 0.008668 0.98094 6134.dat
1 28 -67.925781 -219.620712 -119.377365 0.288848 -0.12941 -0.948587 0.433012 -0.866025 0.25 -0.853853 -0.482963 -0.194114 2877.dat
1 28 -86.897484 -214.620621 -123.259659 -0.288848 -0.12941 0.948587 -0.433012 -0.866025 -0.25 0.853853 -0.482963 0.194114 2877.dat
1 28 -78.278488 -288.902649 -158.014389 0.288848 0.129409 0.948587 0.433012 0.866025 -0.25 -0.853853 0.482962 0.194114 3023.dat
1 28 -86.859772 -288.750854 -172.551926 -0.948587 0.129409 0.288848 0.25 0.866025 0.433012 -0.194114 0.482962 -0.853853 3794a.dat
1 28 -92.636719 -297.411072 -155.474823 -0.948587 0.129409 0.288848 0.25 0.866025 0.433012 -0.194114 0.482962 -0.853853 3794a.dat
1 28 -97.25032 -283.90271 -161.896652 0.288848 0.129409 0.948587 0.433012 0.866025 -0.25 -0.853853 0.482962 0.194114 44728.dat
1 28 -105.297882 -396.771973 -221.948364 -0.948588 0.12941 0.288849 0.25 0.866025 0.433013 -0.194114 0.482963 -0.853854 2580c01.dat
1 28 -109.221581 -408.030212 -217.273468 -0.948588 0.12941 0.288849 0.25 0.866025 0.433013 -0.194114 0.482963 -0.853854 3794a.dat
1 28 -103.444687 -399.369995 -234.350647 -0.948588 0.12941 0.288849 0.25 0.866025 0.433013 -0.194114 0.482963 -0.853854 3794a.dat
1 28 -115.433212 -449.599426 -240.455688 0.948588 0.12941 -0.288849 -0.25 0.866025 -0.433013 0.194114 0.482963 0.853854 60481.dat
1 28 -116.597977 -457.393494 -244.802307 -0.948588 0.12941 0.288849 0.25 0.866025 0.433013 -0.194114 0.482963 -0.853854 32474.dat
1 28 53.606667 281.954773 -116.749542 0.185445 -0.256496 -0.948588 -0.058013 -0.966506 0.25 -0.98094 0.008669 -0.194114 3068b.dat
1 28 -76.757225 -200.457657 -100.993027 0.948587 -0.129409 0.288848 -0.25 -0.866025 0.433012 0.194114 -0.482962 -0.853853 3937.dat
1 28 -79.714958 -205.708374 -95.962997 0.948587 0.11274 0.295753 -0.25 -0.306186 0.918558 0.194114 -0.945271 -0.262259 3938.dat
1 28 -80.61689 -203.258926 -88.400879 0.948587 0.11274 0.295753 -0.25 -0.306186 0.918558 0.194114 -0.945271 -0.262259 3794a.dat
1 28 -82.374046 -196.160446 -65.520233 0.948588 0.112741 0.295753 -0.25 -0.306186 0.918559 0.194114 -0.945272 -0.26226 3062b.dat
1 28 -85.643539 -187.281052 -38.107407 0.948588 0.112741 0.295753 -0.25 -0.306186 0.918559 0.194114 -0.945272 -0.26226 3062b.dat
1 28 -88.91301 -178.401703 -10.694489 0.948588 0.112741 0.295753 -0.25 -0.306186 0.918559 0.194114 -0.945272 -0.26226 3062b.dat
1 28 -89.363937 -177.17691 -6.913437 0.948588 0.112741 0.295753 -0.25 -0.306186 0.918559 0.194114 -0.945272 -0.26226 30374.dat
1 28 -76.460716 -250.071182 -161.187897 0.12941 0.288849 -0.948588 0.866025 0.433013 0.25 0.482963 -0.853854 -0.194114 3961.dat
1 28 -56.241341 -219.760315 -220.957611 0.12941 0.288849 -0.948588 0.866025 0.433013 0.25 0.482963 -0.853854 -0.194114 3741.dat
1 28 -62.596012 -229.286575 -202.172882 -0.12941 -0.288848 -0.948588 -0.866025 -0.433012 0.25 -0.482963 0.853853 -0.194114 64644.dat
1 28 -51.619698 -212.832092 -234.619293 0.12941 0.288849 -0.948588 0.866025 0.433013 0.25 0.482963 -0.853854 -0.194114 4740.dat
1 28 -83.393097 -260.463501 -140.695343 0.12941 0.288849 -0.948588 0.866025 0.433013 0.25 0.482963 -0.853854 -0.194114 3941.dat
1 28 -68.372986 -237.946854 -185.095825 -0.12941 -0.288849 -0.948588 -0.866025 -0.433013 0.25 -0.482963 0.853854 -0.194114 87994.dat
1 28 -45.265083 -203.305847 -253.404053 -0.12941 -0.288849 -0.948588 -0.866025 -0.433013 0.25 -0.482963 0.853854 -0.194114 87994.dat
1 28 -85.703873 -263.927582 -133.864578 0.12941 0.288849 -0.948588 0.866025 0.433013 0.25 0.482963 -0.853854 -0.194114 4032a.dat
1 28 -119.82457 -241.27121 -88.739166 -0.886206 0.362222 -0.288849 -0.216506 -0.874999 -0.433013 -0.409589 -0.321201 0.853854 4276b.dat
1 28 -152.98764 -276.874023 -118.013 0.129409 0.948587 0.288849 0.866025 -0.25 0.433013 0.482962 0.194114 -0.853854 4275b.dat
1 28 -69.08667 -248.48555 -75.233749 -0.756796 -0.586366 -0.288849 0.649519 -0.625 -0.433013 0.073374 -0.515315 0.853854 4276b.dat
1 28 -122.972618 -234.441269 -86.340515 0.886206 0.362222 0.288849 0.216506 -0.874999 0.433013 0.409589 -0.321201 -0.853854 4275b.dat
1 28 -43.833313 -293.272705 -89.403702 0.129409 -0.948587 -0.288849 0.866025 0.25 -0.433013 0.482962 -0.194114 0.853854 4276b.dat
1 28 -64.556198 -243.625717 -71.236633 0.756796 -0.586366 0.288849 -0.649519 -0.625 0.433013 -0.073374 -0.515315 -0.853854 4275b.dat
1 28 -69.472397 -330.562439 -116.987762 0.886206 -0.362222 -0.288849 0.216506 0.874999 -0.433013 0.409589 0.321201 0.853854 4276b.dat
1 28 -36.309296 -294.959778 -87.713943 -0.129409 -0.948587 0.288849 -0.866025 0.25 0.433013 -0.482962 -0.194114 -0.853854 4275b.dat
1 28 -120.553131 -323.601196 -130.737518 0.756796 0.586366 -0.288849 -0.649519 0.625 -0.433013 -0.073374 0.515315 0.853854 4276b.dat
1 28 -66.667221 -337.645447 -119.630707 -0.886206 -0.362222 0.288849 -0.216506 0.874999 0.433013 -0.409589 0.321201 -0.853854 4275b.dat
1 28 -145.652008 -279.097168 -116.658859 -0.129409 0.948587 -0.288849 -0.866025 -0.25 -0.433013 -0.482962 0.194114 0.853854 4276b.dat
1 28 -124.929138 -328.743958 -134.825867 -0.756796 0.586366 0.288849 0.649519 0.625 0.433013 0.073374 0.515315 -0.853854 4275b.dat
1 28 -114.0476 -232.610947 -105.816299 -0.886206 0.362222 -0.288849 -0.216506 -0.874999 -0.433013 -0.409589 -0.321201 0.853854 4276b.dat
1 28 -147.210632 -268.213745 -135.090057 0.129409 0.948587 0.288849 0.866025 -0.25 0.433013 0.482962 0.194114 -0.853854 4275b.dat
1 28 -63.309696 -239.825272 -92.310837 -0.756796 -0.586366 -0.288849 0.649519 -0.625 -0.433013 0.073374 -0.515315 0.853854 4276b.dat
1 28 -117.195671 -225.781052 -103.417587 0.886206 0.362222 0.288849 0.216506 -0.874999 0.433013 0.409589 -0.321201 -0.853854 4275b.dat
1 28 -38.056358 -284.612457 -106.480713 0.129409 -0.948587 -0.288849 0.866025 0.25 -0.433013 0.482962 -0.194114 0.853854 4276b.dat
1 28 -58.779221 -234.965485 -88.31366 0.756796 -0.586366 0.288849 -0.649519 -0.625 0.433013 -0.073374 -0.515315 -0.853854 4275b.dat
1 28 -63.695404 -321.902222 -134.064758 0.886206 -0.362222 -0.288849 0.216506 0.874999 -0.433013 0.409589 0.321201 0.853854 4276b.dat
1 28 -30.532341 -286.29953 -104.790894 -0.129409 -0.948587 0.288849 -0.866025 0.25 0.433013 -0.482962 -0.194114 -0.853854 4275b.dat
1 28 -114.776169 -314.94104 -147.81456 0.756796 0.586366 -0.288849 -0.649519 0.625 -0.433013 -0.073374 0.515315 0.853854 4276b.dat
1 28 -60.890316 -328.985291 -136.70787 -0.886206 -0.362222 0.288849 -0.216506 0.874999 0.433013 -0.409589 0.321201 -0.853854 4275b.dat
1 28 -139.875031 -270.43689 -133.735947 -0.129409 0.948587 -0.288849 -0.866025 -0.25 -0.433013 -0.482962 0.194114 0.853854 4276b.dat
1 28 -119.152191 -320.083679 -151.902878 -0.756796 0.586366 0.288849 0.649519 0.625 0.433013 0.073374 0.515315 -0.853854 4275b.dat
1 28 -157.687805 -270.543945 -128.104507 0.129409 0.948587 0.288849 0.866025 -0.25 0.433013 0.482962 0.194114 -0.853854 3068bp07.dat
1 28 -25.919617 -292.669434 -94.749344 -0.129409 -0.948587 0.288849 -0.866025 0.25 0.433013 -0.482962 -0.194114 -0.853854 3068bp17.dat
1 28 -126.991287 -329.04126 -147.385849 -0.756796 0.586366 0.288849 0.649519 0.625 0.433013 0.073374 0.515315 -0.853854 3068bp61.dat
1 28 -60.632828 -340.229004 -130.611145 -0.886206 -0.362221 0.288849 -0.216506 0.874999 0.433013 -0.409589 0.321201 -0.853854 3068bp07.dat
1 28 -129.144745 -267.883545 -140.522766 -0.288848 0.948587 0.129409 -0.433012 -0.25 0.866025 0.853853 0.194114 0.482962 3020.dat
1 28 -57.564777 -233.922073 -75.662102 0.756795 -0.586366 0.288849 -0.649519 -0.624999 0.433013 -0.073374 -0.515315 -0.853854 3068bp07.dat
1 28 -122.974602 -222.984283 -92.242615 0.886205 0.362221 0.288849 0.216506 -0.874998 0.433013 0.409588 -0.3212 -0.853854 3068bp07.dat
1 28 -124.140244 -266.36145 -91.004929 -0.886206 0.288848 0.362222 -0.216506 0.433012 -0.874999 -0.409589 -0.853853 -0.321201 42446.dat
1 28 -146.746689 -300.914001 -23.65332 -0.886206 0.288848 0.362222 -0.216506 0.433012 -0.874999 -0.409589 -0.853853 -0.321201 30374.dat
1 28 -124.794205 -268.005096 -88.546173 0.288849 0.129409 0.948587 0.433013 0.866025 -0.25 -0.853854 0.482962 0.194114 4274.dat
1 28 -110.709106 -315.01001 -111.132385 0.756796 0.288848 0.586366 -0.649519 0.433012 0.625 -0.073374 -0.853853 0.515315 42446.dat
1 28 -133.341248 -348.914185 -43.460579 0.756796 0.288848 0.586366 -0.649519 0.433012 0.625 -0.073374 -0.853853 0.515315 30374.dat
1 28 -111.388748 -316.005188 -108.353485 0.288849 -0.886206 -0.362222 0.433013 -0.216506 0.874999 -0.853854 -0.409589 0.321201 4274.dat
1 28 -67.20649 -293.943909 -85.732758 0.129409 0.288848 -0.948587 0.866025 0.433012 0.25 0.482962 -0.853853 -0.194114 42446.dat
1 28 -90.425209 -328.111389 -18.392868 0.129409 0.288848 -0.948587 0.866025 0.433012 0.25 0.482962 -0.853853 -0.194114 30374.dat
1 28 -68.472725 -295.202393 -83.285782 0.288849 0.756796 -0.586366 0.433013 -0.649519 -0.625 -0.853854 -0.073374 -0.515315 4274.dat
1 28 -133.341248 -348.914185 -43.460579 0.362222 0.288848 0.886206 -0.874999 0.433012 0.216506 -0.321201 -0.853853 0.409589 2335.dat
1 28 -110.794373 -262.659546 -71.439758 0.288849 -0.362222 0.886206 0.433013 0.874999 0.216506 -0.853854 0.321201 0.409589 57274.dat
1 28 -77.033417 -274.25766 -65.900528 0.288849 0.586366 0.756796 0.433013 0.625 -0.649519 -0.853854 0.515315 -0.073374 57274.dat
1 28 -107.751717 -246.253311 -87.181625 0.886206 0.362222 0.288849 0.216506 -0.874999 0.433013 0.409589 -0.321201 -0.853854 4085c.dat
1 28 -66.402054 -259.851379 -80.089554 0.756796 -0.586366 0.288849 -0.649519 -0.625 0.433013 -0.073374 -0.515315 -0.853854 4085c.dat
1 28 -118.667595 -265.553467 -147.508392 -0.288848 0.948587 0.129409 -0.433012 -0.25 0.866025 0.853853 0.194114 0.482962 3021.dat
1 28 -92.352043 -271.221863 -121.074142 0.12941 0.288849 -0.948588 0.866025 0.433013 0.25 0.482963 -0.853854 -0.194114 30106.dat