0 untitled model
0 Name: 
0 Author: Anthony Evans
1 28 78.443146 -72.194016 167.009399 0 -0 -0.999999 0.965925 -0.258819 0 -0.258819 -0.965925 -0 44728.dat
1 28 58.443024 -72.193985 167.009277 -0 -0 0.999999 -0.965924 -0.258819 -0 0.258818 -0.965925 0 44728.dat
1 28 249.047791 -94.851997 83.99575 -0.499999 -0.866025 0 -0.224143 0.12941 0.965925 -0.836516 0.482962 -0.258819 2580c01.dat
1 28 352.970642 -110.381096 26.040245 -0.499999 -0.866025 0 -0.224143 0.12941 0.965925 -0.836516 0.482962 -0.258819 2580c01.dat
1 28 456.893616 -125.910286 -31.915405 -0.499999 -0.866025 0 -0.224143 0.12941 0.965925 -0.836516 0.482962 -0.258819 2580c01.dat
1 28 560.816528 -141.439346 -89.870811 -0.499999 -0.866025 0 -0.224143 0.12941 0.965925 -0.836516 0.482962 -0.258819 2580c01.dat
1 28 140.774811 -80.358154 138.08754 0 -0.999999 0 0.965924 0 0.258819 -0.258818 -0 0.965925 3937.dat
1 28 140.124908 -81.564285 133.585999 0 -0.866025 0.499999 0.965924 0.129409 0.224143 -0.258818 0.482961 0.836516 6134.dat
1 28 116.443024 -87.029572 150.279022 -0 -0.999999 0 -0.258819 0 0.965924 -0.965925 -0 -0.258818 2877.dat
1 28 116.443085 -67.71109 145.102631 0 -0.999999 -0 0.258819 0 -0.965924 0.965925 -0 0.258818 2877.dat
1 28 36.442947 -87.029594 150.278976 -0 0.999999 -0 -0.258819 -0 -0.965924 -0.965925 0 0.258818 3023.dat
1 28 28.443054 -78.992706 137.77272 0 0.999999 -0 0.965924 -0 -0.258819 -0.258818 0 -0.965925 3794a.dat
1 28 28.443024 -73.816322 157.091217 0 0.999999 -0 0.965924 -0 -0.258819 -0.258818 0 -0.965925 3794a.dat
1 28 36.44313 -67.711082 145.102692 -0 0.999999 -0 -0.258819 -0 -0.965924 -0.965925 0 0.258818 44728.dat
1 28 -91.348892 -76.353516 147.33847 0 0.999999 -0 0.965925 -0 -0.258819 -0.258819 0 -0.965925 2580c01.dat
1 28 -99.348587 -73.765205 156.997711 0 0.999999 -0 0.965925 -0 -0.258819 -0.258819 0 -0.965925 3794a.dat
1 28 -99.348434 -78.941605 137.679291 0 0.999999 -0 0.965925 -0 -0.258819 -0.258819 0 -0.965925 3794a.dat
1 28 -147.348373 -73.765274 156.997772 -0 0.999999 0 -0.965925 -0 0.258819 0.258819 0 0.965925 60481.dat
1 28 -156.348312 -73.765167 156.99791 0 0.999999 -0 0.965925 -0 -0.258819 -0.258819 0 -0.965925 32474.dat
1 28 567.81665 -142.474609 -93.734398 -0.499999 -0.866025 0 -0.224143 0.12941 0.965925 -0.836516 0.482962 -0.258819 3068b.dat
1 28 140.774811 -75.181755 157.406067 -0 -0.999999 -0 -0.965924 0 -0.258819 0.258818 -0 -0.965925 3937.dat
1 28 138.274078 -72.761597 164.442352 -0 -0.707106 0.707106 -0.965924 -0.183013 -0.183012 0.258818 -0.683012 -0.683012 3938.dat
1 28 143.930847 -71.297478 169.906281 -0 -0.707106 0.707106 -0.965924 -0.183013 -0.183012 0.258818 -0.683012 -0.683012 3794a.dat
1 28 160.90152 -67.871132 186.557434 -0 -0.707107 0.707107 -0.965925 -0.183013 -0.183013 0.258819 -0.683012 -0.683012 3062b.dat
1 28 181.407471 -62.56377 206.364792 -0 -0.707107 0.707107 -0.965925 -0.183013 -0.183013 0.258819 -0.683012 -0.683012 3062b.dat
1 28 201.913483 -57.256367 226.171936 -0 -0.707107 0.707107 -0.965925 -0.183013 -0.183013 0.258819 -0.683012 -0.683012 3062b.dat
1 28 204.741959 -56.524345 228.904053 -0 -0.707107 0.707107 -0.965925 -0.183013 -0.183013 0.258819 -0.683012 -0.683012 30374.dat
1 28 68.774628 -83.912209 128.687088 0.999999 -0 0 -0 -0.258819 0.965925 0 -0.965925 -0.258819 3961.dat
1 28 68.77475 -102.029503 61.072426 0.999999 -0 0 -0 -0.258819 0.965925 0 -0.965925 -0.258819 3741.dat
1 28 68.774658 -96.335587 82.3228 -0.999999 0 0 0 0.258819 0.965925 -0 0.965925 -0.258819 64644.dat
1 28 68.774734 -106.170609 45.61755 0.999999 -0 0 -0 -0.258819 0.965925 0 -0.965925 -0.258819 4740.dat
1 28 68.774719 -77.700584 151.869354 0.999999 -0 0 -0 -0.258819 0.965925 0 -0.965925 -0.258819 3941.dat
1 28 68.774612 -91.159195 101.641251 -0.999999 0 0 0 0.258819 0.965925 -0 0.965925 -0.258819 87994.dat
1 28 68.774704 -111.864655 24.367245 -0.999999 0 0 0 0.258819 0.965925 -0 0.965925 -0.258819 87994.dat
1 28 68.774612 -75.630066 159.59668 0.999999 -0 0 -0 -0.258819 0.965925 0 -0.965925 -0.258819 4032a.dat
1 28 105.773987 -37.37225 189.282104 -0.5 -0.866024 0 0.836516 -0.482962 0.258819 -0.224144 0.12941 0.965925 4276b.dat
1 28 56.511444 -10.094513 181.973083 0.999999 -0 -0 -0 -0.965924 -0.258819 0 0.258818 -0.965925 4275b.dat
1 28 112.614883 -88.135956 202.884094 0.499999 -0.866024 0 0.836515 0.482963 0.258819 -0.224143 -0.129409 0.965925 4276b.dat
1 28 112.43985 -33.288254 188.187744 0.5 -0.866024 -0 -0.836516 -0.482962 -0.258819 0.224144 0.12941 -0.965925 4275b.dat
1 28 70.252579 -119.433151 211.270203 0.999999 0 0 -0 0.965924 0.258819 0 -0.258818 0.965925 4276b.dat
1 28 119.340271 -91.862999 203.882843 -0.499999 -0.866024 -0 -0.836515 0.482963 -0.258819 0.224143 -0.129409 -0.965925 4275b.dat
1 28 21.318665 -99.773811 206.002502 0.5 0.866024 0 -0.836516 0.482962 0.258819 0.224144 -0.12941 0.965925 4276b.dat
1 28 70.581345 -127.051315 213.311523 -0.999999 0 -0 0 0.965924 -0.258819 -0 -0.258818 -0.965925 4275b.dat
1 28 14.096191 -48.711113 192.32016 -0.499999 0.866024 0 -0.836515 -0.482963 0.258819 0.224143 0.129409 0.965925 4276b.dat
1 28 14.271027 -103.558891 207.016663 -0.5 0.866024 -0 0.836516 0.482962 -0.258819 -0.224144 -0.12941 -0.965925 4275b.dat
1 28 56.189392 -17.606735 183.985977 -0.999999 -0 0 0 -0.965924 0.258819 -0 0.258818 0.965925 4276b.dat
1 28 7.101608 -45.176834 191.37326 0.499999 0.866024 -0 0.836515 -0.482963 -0.258819 -0.224143 0.129409 -0.965925 4275b.dat
1 28 105.774033 -42.548584 169.963501 -0.5 -0.866024 0 0.836516 -0.482962 0.258819 -0.224144 0.12941 0.965925 4276b.dat
1 28 56.511307 -15.270889 162.654541 0.999999 -0 -0 -0 -0.965924 -0.258819 0 0.258818 -0.965925 4275b.dat
1 28 112.614777 -93.312294 183.565582 0.499999 -0.866024 0 0.836515 0.482963 0.258819 -0.224143 -0.129409 0.965925 4276b.dat
1 28 112.439957 -38.464573 168.869293 0.5 -0.866024 -0 -0.836516 -0.482962 -0.258819 0.224144 0.12941 -0.965925 4275b.dat
1 28 70.252701 -124.609512 191.951797 0.999999 0 0 -0 0.965924 0.258819 0 -0.258818 0.965925 4276b.dat
1 28 119.340141 -97.039375 184.564362 -0.499999 -0.866024 -0 -0.836515 0.482963 -0.258819 0.224143 -0.129409 -0.965925 4275b.dat
1 28 21.318665 -104.950111 186.683929 0.5 0.866024 0 -0.836516 0.482962 0.258819 0.224144 -0.12941 0.965925 4276b.dat
1 28 70.581284 -132.227661 193.993057 -0.999999 0 -0 0 0.965924 -0.258819 -0 -0.258818 -0.965925 4275b.dat
1 28 14.096252 -53.887493 173.001724 -0.499999 0.866024 0 -0.836515 -0.482963 0.258819 0.224143 0.129409 0.965925 4276b.dat
1 28 14.270996 -108.735107 187.698273 -0.5 0.866024 -0 0.836516 0.482962 -0.258819 -0.224144 -0.12941 -0.965925 4275b.dat
1 28 56.18927 -22.783157 164.66745 -0.999999 -0 0 0 -0.965924 0.258819 -0 0.258818 0.965925 4276b.dat
1 28 7.101562 -50.353157 172.05481 0.499999 0.866024 -0 0.836515 -0.482963 -0.258819 -0.224143 0.129409 -0.965925 4275b.dat
1 28 56.511383 -4.955582 170.243301 0.999999 -0 -0 -0 -0.965924 -0.258819 0 0.258818 -0.965925 3068bp07.dat
1 28 70.511475 -137.286987 205.701324 -0.999999 0 -0 0 0.965924 -0.258819 -0 -0.258818 -0.965925 3068bp17.dat
1 28 0.511322 -43.592247 180.595856 0.499999 0.866024 -0 0.836515 -0.482963 -0.258819 -0.224143 0.129409 -0.965925 3068bp61.dat
1 28 7.511353 -110.24115 198.454529 -0.499998 0.866025 -0 0.836515 0.482962 -0.258819 -0.224143 -0.129409 -0.965925 3068bp07.dat
1 28 56.511322 -33.313957 157.136368 0 -0 0.999999 0.258819 -0.965924 -0 0.965925 0.258818 0 3020.dat
1 28 126.511284 -97.684135 195.089798 -0.5 -0.866023 -0 -0.836514 0.482962 -0.258819 0.224143 -0.12941 -0.965925 3068bp07.dat
1 28 119.51133 -32.001228 177.490112 0.499998 -0.866024 -0 -0.836514 -0.482961 -0.258819 0.224144 0.129409 -0.965925 3068bp07.dat
1 28 82.392624 -36.418045 199.561676 -0.5 -0 -0.866024 0.836516 -0.258819 -0.482962 -0.224144 -0.965925 0.12941 42446.dat
1 28 82.07196 -16.230186 275.938904 -0.5 -0 -0.866024 0.836516 -0.258819 -0.482962 -0.224144 -0.965925 0.12941 30374.dat
1 28 82.07196 -35.900238 202.528854 -0 0.999999 -0 -0.258819 -0 -0.965924 -0.965925 0 0.258818 4274.dat
1 28 32.279037 -56.698364 204.995667 -0.499999 -0 0.866024 -0.836515 -0.258819 -0.482963 0.224143 -0.965925 0.129409 42446.dat
1 28 32.671051 -36.390343 281.341034 -0.499999 -0 0.866024 -0.836515 -0.258819 -0.482963 0.224143 -0.965925 0.129409 30374.dat
1 28 32.671219 -56.060452 207.930695 -0 -0.5 0.866024 -0.258819 0.836516 0.482962 -0.965925 -0.224144 -0.12941 4274.dat
1 28 68.419601 -96.233635 215.589142 0.999999 -0 0 -0 -0.258819 0.965924 0 -0.965925 -0.258818 42446.dat
1 28 68.347412 -75.389305 291.790924 0.999999 -0 0 -0 -0.258819 0.965924 0 -0.965925 -0.258818 30374.dat
1 28 68.347443 -95.059731 218.380554 -0 -0.499999 -0.866024 -0.258819 -0.836515 0.482963 -0.965925 0.224143 -0.129409 4274.dat
1 28 32.671051 -36.390343 281.341034 -0.866024 -0 0.5 -0.482962 -0.258819 -0.836516 0.12941 -0.965925 0.224144 2335.dat
1 28 96.774689 -48.509548 214.44632 -0 0.866024 0.5 -0.258819 0.482962 -0.836516 -0.965925 -0.12941 0.224144 57274.dat
1 28 93.774734 -83.283051 223.763885 -0 0.866024 -0.499999 -0.258819 -0.482963 -0.836515 -0.965925 0.129409 0.224143 57274.dat
1 28 103.774078 -49.929214 192.646637 0.5 -0.866024 -0 -0.836516 -0.482962 -0.258819 0.224144 0.12941 -0.965925 4085c.dat
1 28 100.773956 -92.429886 204.03476 -0.499999 -0.866024 -0 -0.836515 0.482963 -0.258819 0.224143 -0.129409 -0.965925 4085c.dat
1 28 56.511368 -43.629467 149.547638 0 -0 0.999999 0.258819 -0.965924 -0 0.965925 0.258818 0 3021.dat
1 28 67.774643 -69.557014 174.533813 0.999999 -0 0 -0 -0.258819 0.965925 0 -0.965925 -0.258819 30106.dat