0 untitled model
0 Name: 
0 Author: Anthony Evans
1 8 0 -58 56 -0.999999 -0 -0 0 -0 -0.999999 0 -1 0 4276a.dat
1 8 -49.169876 -58 27.705772 0.5 0.866025 -0 0 0 0.999999 0.866025 -0.5 -0 4275a.dat
1 8 0 -78 56 -0.999999 -0 -0 0 -0 -0.999999 0 -1 0 4276a.dat
1 8 -49.169876 -78 27.705772 0.5 0.866025 -0 0 0 0.999999 0.866025 -0.5 -0 4275a.dat
1 8 0 -78 64 0.999999 0 -0 0 0 0.999999 0 -1 0 4275a.dat
1 8 0 -58 64 0.999999 0 -0 0 0 0.999999 0 -1 0 4275a.dat
1 8 49.232056 -78 35.937832 -0.5 -0.866025 -0 0 -0 -0.999999 0.866025 -0.5 0 4276a.dat
1 8 49.232056 -58 35.937832 -0.5 -0.866025 -0 0 -0 -0.999999 0.866025 -0.5 0 4276a.dat
1 8 41.946854 -58 -25.498562 0.5 -0.866025 0 0 -0 -0.999999 0.866025 0.5 0 4276a.dat
1 8 42.028267 -58 32.230896 0.5 -0.866025 -0 0 0 0.999999 -0.866025 -0.5 0 4275a.dat
1 8 41.946854 -78 -25.498562 0.5 -0.866025 0 0 -0 -0.999999 0.866025 0.5 0 4276a.dat
1 8 42.028275 -78 32.230911 0.5 -0.866025 -0 0 0 0.999999 -0.866025 -0.5 0 4275a.dat
1 8 48.875046 -78 -29.498558 -0.5 -0.866025 0 0 0 0.999999 -0.866025 0.5 0 4275a.dat
1 8 48.875046 -58 -29.498558 -0.5 -0.866025 0 0 0 0.999999 -0.866025 0.5 0 4275a.dat
1 8 -0.043526 -78 -58.103683 0.999999 0 0 0 -0 -0.999999 -0 0.999999 -0 4276a.dat
1 8 -0.043526 -58 -58.103683 0.999999 0 0 0 -0 -0.999999 -0 0.999999 -0 4276a.dat
1 8 -48.911079 -58 -21.507282 0.5 0.866025 -0 0 -0 -0.999999 -0.866025 0.5 -0 4276a.dat
1 8 0.177368 -58 -49.942474 -0.999999 0 0 0 0 0.999999 0 0.999999 -0 4275a.dat
1 8 -48.911079 -78 -21.507282 0.5 0.866025 -0 0 -0 -0.999999 -0.866025 0.5 -0 4276a.dat
1 8 0.177361 -78 -49.94252 -0.999999 -0 0 0 0 0.999999 0 0.999999 -0 4275a.dat
1 8 -55.839279 -78 -25.507271 -0.5 0.866025 0 0 0 0.999999 0.866025 0.5 -0 4275a.dat
1 8 -55.839279 -58 -25.507271 -0.5 0.866025 0 0 0 0.999999 0.866025 0.5 -0 4275a.dat
1 8 -56.15274 -78 31.160011 -0.5 0.866025 -0 0 -0 -0.999999 -0.866025 -0.5 -0 4276a.dat
1 8 -56.15274 -58 31.160011 -0.5 0.866025 -0 0 -0 -0.999999 -0.866025 -0.5 -0 4276a.dat
1 8 0 -28 32 -0.999999 -0 -0 0 -0 -0.999999 0 -1 0 3022.dat
1 8 0 -28 40 -0.999999 -0 -0 0 -0 -0.999999 0 -1 0 3022.dat
1 8 0 -48 48 -0 -0 -0.999999 0.999999 0 -0 0 -1 0 3020.dat
1 366 0 -68 72 -0 -0 -0.999999 0.999999 0 -0 0 -1 0 4150ps3.dat
1 8 56.232056 -78 39.937832 -0.5 -0.866025 -0 0 -0 -0.999999 0.866025 -0.5 0 3069bp53.dat
1 8 -62.839279 -78 -29.507271 -0.5 0.866025 0 0 0 0.999999 0.866025 0.5 -0 3069bp05.dat
1 8 -62.839279 -58 -29.507271 -0.5 0.866025 0 0 0 0.999999 0.866025 0.5 -0 3069bp05.dat
1 8 56.232056 -58 39.937832 -0.499999 -0.866025 -0 0 -0 -0.999999 0.866025 -0.499999 0 3069b.dat
1 8 0 -28 56 -0.999999 -0 0 -0 -0 -0.999999 0 -1 0 3068b.dat
1 8 -0.043526 -68 -66.103683 0.999999 0 0 0 -0 -0.999999 -0 0.999999 0 3068bp07.dat
1 8 -63.15274 -68 35.160011 -0.5 0.866025 -0 0 -0 -0.999999 -0.866025 -0.5 -0 3068bps0.dat
1 8 49 -58.000004 -30.000004 -0 -0.866025 -0.5 -0.999999 -0 0 -0 0.5 -0.866025 61409.dat
1 8 49.000004 -78.000008 -30.000002 -0 -0.866025 -0.5 -0.999999 -0 0 -0 0.5 -0.866025 61409.dat
1 8 40.028275 -78 20.230911 0.5 -0.866025 0 0 0 0.999999 -0.866025 -0.5 0 4085c.dat
1 8 9.752106 -73.067711 -41.825912 -0.999999 -0 -0 0 -0 0.999999 -0 0.999999 0 4085c.dat
1 7 9.716309 -93.067711 -33.763626 0.999999 0 -0 0 0 0.999999 0 -0.999999 0 57274.dat
1 7 33.028275 -98 16.230911 -0.5 0.866025 -0 0 0 0.999999 0.866025 0.5 -0 57274.dat
1 8 -10 -78 40 0.999999 0 -0 0 0 0.999999 0 -0.999999 0 4081a.dat
1 7 6 -98.925621 38.48687 -0 0 0.999999 0.258819 0.965925 0 -0.965925 0.258819 -0 87618.dat
1 8 -38.348465 -77.727798 -24.468441 -0.5 0.866025 -0 0 0 0.999999 0.866025 0.5 -0 4081a.dat
1 7 -44.616409 -97.727776 -9.612035 0.836515 -0.224144 -0.5 0.258819 0.965925 0 0.482962 -0.129409 0.866025 87618.dat
1 8 39.966446 -78 -12.647299 -0.5 -0.866025 0 0 0 0.999999 -0.866025 0.5 0 4081a.dat
1 7 30.234394 -98 -25.5037 -0.836515 0.224144 -0.5 0.258819 0.965925 0 0.482962 -0.129409 -0.866025 87618.dat
1 7 6 -158.813019 22.440094 -0.707106 0 -0.707106 -0.183013 0.965925 0.183013 0.683012 0.258819 -0.683012 2335.dat